5.520851576510177949e+01 4.936004547547504728e+01 -9.934032183739625907e+03 -9.937423337316395191e+03 -9.937195662016218193e+03 -9.936651238579117489e+03 -9.938101296785987870e+03 6.480000853609809042e+01 6.265538682485515665e+01 6.293297267213390001e+01 6.264193866368818675e+01
5.932174607001024924e+01 5.789908313676978935e+01 -9.931781242588067471e+03 -9.935402260245738944e+03 -9.930978324161544151e+03 -9.934379058565134983e+03 -9.934588487887813244e+03 7.302515507871416389e+01 6.705320295678457398e+01 7.521822065612251151e+01 6.471224280911225435e+01
5.973447717224036069e+01 6.056529307198833578e+01 -9.929458111903333702e+03 -9.931909308223552216e+03 -9.929989637506594590e+03 -9.928914581159428053e+03 -9.928166704847219080e+03 7.376769284840730734e+01 7.314618765466255468e+01 7.533502412598163289e+01 6.962908316758102956e+01
6.523757105758986086e+01 6.850283008550215413e+01 -9.928917081471896381e+03 -9.925737494395976682e+03 -9.928240001376956570e+03 -9.927141290918700179e+03 -9.925070475768225151e+03 5.672867499315047723e+01 7.270795275353987108e+01 7.939134340879351726e+01 7.354704441089879197e+01
5.610242740357692526e+01 5.727663245893413801e+01 -9.937046895403043891e+03 -9.935485658993406105e+03 -9.935411058983041585e+03 -9.935648820506368793e+03 -9.934984806031248809e+03 6.830179686525454485e+01 6.750125905550200400e+01 6.749263901016703926e+01 6.267083294996726295e+01
6.291865380679443120e+01 6.256553037126598582e+01 -9.933426935991705250e+03 -9.932373401331286004e+03 -9.931331667146181644e+03 -9.933816285343162235e+03 -9.930983968758349874e+03 7.114312115714122342e+01 7.347854404748566992e+01 7.509070605071960358e+01 6.671474902791095474e+01
6.736306395948622594e+01 6.555922222638743335e+01 -9.927923900532681728e+03 -9.929329335448512211e+03 -9.928003216313041776e+03 -9.929483312248292350e+03 -9.928255422265800007e+03 7.603870301729435255e+01 7.618887574754765524e+01 7.556416539722144421e+01 7.109225732593517932e+01
6.771024734204766560e+01 6.895895866359933279e+01 -9.908160271230077342e+03 -9.925592353246218408e+03 -9.907550180665622975e+03 -9.926546641206776258e+03 -9.917099253626205609e+03 7.217808440027110350e+01 5.880135877324286042e+01 7.776349693973116928e+01 7.229034373464915575e+01
6.175466612421335100e+01 5.726959918528740445e+01 -9.932829598541544328e+03 -9.932617406615634536e+03 -9.933237430878445593e+03 -9.932401944073433697e+03 -9.932826954172829574e+03 6.753088429670845017e+01 6.846094873175297835e+01 6.996453529666931104e+01 6.429265827394195298e+01
6.085988408187471066e+01 6.378184739553677218e+01 -9.930786828492859058e+03 -9.929189210122589429e+03 -9.932007148177279305e+03 -9.931361855980369000e+03 -9.929530341746489285e+03 7.110327927301125328e+01 7.445755116385649330e+01 7.529061822974819052e+01 6.967160047310471782e+01
6.729623612689840684e+01 6.713394903718051410e+01 -9.926751762694129866e+03 -9.926421032068581553e+03 -9.926824725613718329e+03 -9.927687838442448992e+03 -9.928654521445909268e+03 7.779804987105606529e+01 7.608811411563388560e+01 7.712003729959238285e+01 7.064084586291444623e+01
6.615037282985835532e+01 6.703590319450637480e+01 -9.777060104159643743e+03 -9.619542443063917744e+03 -9.776051520577930205e+03 -9.774027275062551780e+03 -9.889458693176977249e+03 7.549795282751489367e+01 7.713029001277647012e+01 7.473136057008284183e+01 6.544112910897071345e+01
5.522417701929663281e+01 5.766890922144283849e+01 -9.935885784356905788e+03 -9.935626942820112163e+03 -9.935288641863993689e+03 -9.937694374400267407e+03 -9.935114200099185837e+03 6.788243711463027807e+01 6.343586548439622419e+01 7.046290047040344007e+01 5.984265116459837230e+01
6.247704132993741410e+01 6.374772084271209849e+01 -9.933846905747399433e+03 -9.933643588596807604e+03 -9.933954812255189609e+03 -9.934265826775283131e+03 -9.932709916050276661e+03 6.936900055301254042e+01 6.872531967620048476e+01 6.884875248246436286e+01 6.645560827726210107e+01
3.230623088253129538e+01 5.180069549109908422e+01 -8.692455908156389341e+03 -9.854961774654333567e+03 -8.691650437805752517e+03 -4.967007622848086612e+03 -9.777865913899382576e+03 6.987647001880519326e+01 7.045642102518731065e+01 5.267640941171433155e+01 5.032773119122798278e+01
1.076801345275111110e+01 0.000000000000000000e+00 -5.000000000000000000e+03 0.000000000000000000e+00 -5.000000000000000000e+03 0.000000000000000000e+00 -4.964332443085722844e+03 0.000000000000000000e+00 3.555404579149243460e+01 0.000000000000000000e+00 0.000000000000000000e+00
5.901349536019529296e+01 5.614875082926300820e+01 -9.935459480013461871e+03 -9.936386448098732217e+03 -9.936454423822888202e+03 -9.936231786857129919e+03 -9.936670943583572807e+03 6.733918637500266868e+01 6.473023849810459751e+01 -9.935879507529933107e+03 6.180311090332128288e+01
6.641086408008783337e+01 6.070023252514553747e+01 -9.933809913420016528e+03 -9.932173830615440238e+03 -9.934719822997252777e+03 -9.934254056628227772e+03 -9.933432083914991381e+03 6.975306647805180660e+01 7.256227960877488670e+01 -9.934760873887018533e+03 6.579895807217376102e+01
6.994178592676381356e+01 6.386400113132108913e+01 -9.929245858189955470e+03 -9.929685762907836761e+03 -9.928611421398218226e+03 -9.925130502008069016e+03 -9.932372556541398808e+03 7.290781005795503233e+01 7.203659055196756356e+01 -9.929146156386646908e+03 6.746709311201399828e+01
4.214634267443162230e+01 2.929456025425756849e+01 -4.967584071894115368e+03 -4.967584071894115368e+03 -4.967584071894115368e+03 -4.981393297721526324e+03 -4.981393297721526324e+03 5.829298636211318296e+01 6.866218706673623728e+01 -7.463014683290600260e+03 0.000000000000000000e+00
6.111228892447672933e+01 5.386685115526456968e+01 -9.934149159539500033e+03 -9.935988472064089365e+03 -9.933516363877572076e+03 -9.934240782520349967e+03 -9.933285345554733794e+03 6.501380822498809664e+01 7.058857806044527194e+01 -9.936298419152695715e+03 6.378207926543304040e+01
7.009296367323480581e+01 6.220835539961364447e+01 -9.932216714336502264e+03 -9.931447020535182673e+03 -9.934862403738523426e+03 -9.932971167760711978e+03 -9.932874809970153365e+03 7.027872328072945152e+01 7.229873421450383830e+01 -9.935774632187851239e+03 6.750146516935518548e+01
7.208306850849521652e+01 6.660706462292877461e+01 -9.929908705748706780e+03 -9.931031776959312992e+03 -9.929280335668889165e+03 -9.928801916712312959e+03 -9.927824265011891839e+03 7.412898678844399569e+01 7.645435698781028577e+01 -9.927550051069641995e+03 7.105153782131488072e+01
5.245182842180757632e+01 5.320667813090193476e+01 -8.686636806890848675e+03 -9.320032431898089271e+03 -9.313271470532919921e+03 -8.702642165415147247e+03 -7.458738733051080089e+03 6.847557863352061247e+01 3.671104169560487662e+01 -9.312868841439329117e+03 3.022710231619914367e+01
6.163097566299630614e+01 5.809018565752289476e+01 -9.935004688124270615e+03 -9.933257853812956455e+03 -9.934696396979543351e+03 -9.934973358871286109e+03 -9.935566949794469110e+03 6.592872198306446307e+01 6.888964547707126940e+01 -9.933664054570863300e+03 6.339115377464213452e+01
6.628826178121366297e+01 6.293457783121277771e+01 -9.930858469411674378e+03 -9.929177593108732253e+03 -9.931205875043769993e+03 -9.929564515290810959e+03 -9.932955348704128482e+03 7.212663613769316839e+01 7.630037709791716338e+01 -9.931432127350843075e+03 7.025203345930431453e+01
6.852146598044541292e+01 6.581003975946633489e+01 -9.928270157751690931e+03 -9.927397781528208725e+03 -9.928187970282353490e+03 -9.927889884129162965e+03 -9.928233274368583807e+03 7.429889510332482416e+01 7.660758266538965700e+01 -9.928459930889595853e+03 7.238644498846855413e+01
5.766526424219190261e+01 5.483014587180744570e+01 -9.628056054900884192e+03 -4.968636718674573785e+03 -7.450469271524537362e+03 -9.311642536920568091e+03 -4.963709442870299426e+03 7.606176417120795463e+01 5.181036139509096472e+01 -9.777461316481261747e+03 3.605536529064362128e+01
5.421801842138880545e+01 5.877883540246698857e+01 -9.933682789867671090e+03 -9.936040631642848894e+03 -9.936058442178429686e+03 -9.933120849609556899e+03 -9.934327184706566186e+03 6.402883421147981835e+01 7.190309247524419334e+01 -9.936111056875735812e+03 6.070246623581607537e+01
5.915742412052719601e+01 6.067772183880684622e+01 -9.933433997870877647e+03 -9.934539268228865694e+03 -9.931937438163653496e+03 -9.935111802583496683e+03 -9.935847481878925464e+03 7.052437143152202736e+01 6.758528595577058695e+01 -9.934128728663592483e+03 6.525160034242716733e+01
6.338676784626901650e+01 5.615945058934941869e+01 -9.858378841284109512e+03 -9.896871720211871434e+03 -9.931340379934066732e+03 -9.894998507106050965e+03 -8.700529694123830268e+03 6.990507254065293807e+01 5.321118530543138547e+01 -9.894635539894979956e+03 6.503007325442453634e+01
3.331423074674962237e+01 0.000000000000000000e+00 0.000000000000000000e+00 -4.993974805082061721e+03 -4.993974805082061721e+03 -9.323982650611837016e+03 0.000000000000000000e+00 7.468817124095607163e+00 1.268462087986961428e+01 -4.971813915332139004e+03 0.000000000000000000e+00
6.610484694740694067e+01 5.707025782839609462e+01 -9.937205950040211974e+03 -9.936668551146991376e+03 -9.936984279199761659e+03 -9.936436111004170016e+03 -9.938146590263149847e+03 6.700420437669717444e+01 -9.938128391546379135e+03 -9.937320089833070597e+03 5.682138506125100008e+01
7.215153994562052731e+01 6.245896449870248546e+01 -9.933469340429805015e+03 -9.934481835085203784e+03 -9.937562058621117103e+03 -9.932861880092350475e+03 -9.934468743285342498e+03 6.437640017655036218e+01 -9.934887900872461614e+03 -9.934394268877469585e+03 6.204303310896588641e+01
6.592601410218313163e+01 6.264205185702131473e+01 -9.893326715900551790e+03 -9.853959360700302568e+03 -9.911868092823937332e+03 -9.924446758409065296e+03 -9.912275307287745818e+03 7.625699143121144630e+01 -9.930220848913966620e+03 -9.927746623100392753e+03 6.905748342935359574e+01
3.248372669534671076e+00 0.000000000000000000e+00 -8.697030994709937659e+03 -7.449642766153810044e+03 -4.998457022981971022e+03 -4.988008435351955995e+03 -7.447776418830526381e+03 3.593871233688598466e+01 0.000000000000000000e+00 -7.497685534472956533e+03 0.000000000000000000e+00
6.253928680536110107e+01 6.046527327027743581e+01 -9.935781862696490862e+03 -9.936381748704665370e+03 -9.935710457054683502e+03 -9.935832564091211680e+03 -9.935286364861232869e+03 6.668135857982071002e+01 -9.935469614528541570e+03 -9.935806556834477306e+03 5.932307040464738890e+01
6.810514446302005354e+01 6.598390114440137211e+01 -9.934563738744996954e+03 -9.932416021169616215e+03 -9.932434907309057962e+03 -9.931466847159816098e+03 -9.932231852193439408e+03 7.315110941025378111e+01 -9.935078585176665001e+03 -9.934501761038674886e+03 6.574879566505165940e+01
7.283609057943647258e+01 6.749084156492375541e+01 -9.928701375414937502e+03 -9.928344489723145671e+03 -9.927736745253632762e+03 -9.928704071087980992e+03 -9.928260431408863951e+03 7.616985197245652728e+01 -9.928874287971786543e+03 -9.929112280000021201e+03 6.837644383297842410e+01
3.605870308889561926e+01 6.136404316590440544e+01 -8.702513695076406293e+03 0.000000000000000000e+00 -7.455990330770676337e+03 -7.480617317006270241e+03 0.000000000000000000e+00 0.000000000000000000e+00 -4.971222432624746943e+03 -8.701411448761738939e+03 6.058435236895322618e+01
6.322512978952536855e+01 6.441813121732018033e+01 -9.933354218044638401e+03 -9.932958042271176964e+03 -9.935013998131493281e+03 -9.935523377525136311e+03 -9.935746519458985858e+03 6.916687628022420142e+01 -9.935326887793988135e+03 -9.936096366321766254e+03 5.982538630998887186e+01
6.971059296158298935e+01 6.722141161648157492e+01 -9.929721588027656253e+03 -9.931315778271356976e+03 -9.931998874677181448e+03 -9.933178624880096322e+03 -9.932412109204753506e+03 7.525743355646216060e+01 -9.929566597073342564e+03 -9.930670051578192215e+03 6.683896749570723728e+01
7.189408017752711544e+01 7.047979565313255534e+01 -9.929461390276710517e+03 -9.928914915630068208e+03 -9.928259264724973036e+03 -9.928689552902240393e+03 -9.928240027359115629e+03 7.606933372197551080e+01 -9.928104965173821256e+03 -9.929934406063533970e+03 7.087567850832792260e+01
6.079919687769881165e+01 4.872848834543580665e+01 -9.774348272364759396e+03 -7.445906630631674489e+03 0.000000000000000000e+00 -8.693018631459692187e+03 -7.446468611366724872e+03 7.562288779110386372e+01 -9.618230098047097272e+03 -9.623540186831403844e+03 4.834279322957722513e+01
6.344452650466071475e+01 6.408245292154305162e+01 -9.938252277894989675e+03 -9.937763780010205664e+03 -9.937966002162445875e+03 -9.937785824650663926e+03 -9.937815741655362217e+03 6.510067500973021026e+01 -9.934749043303214421e+03 -9.937133843822239214e+03 6.224523558241550347e+01
6.785564725937445019e+01 6.830598495450811924e+01 -9.935385945912934403e+03 -9.933199355419339554e+03 -9.936359935080829018e+03 -9.933298669919622625e+03 -9.933749810361141499e+03 7.256800044365419922e+01 -9.936044876527572342e+03 -9.936162801483986186e+03 6.492262452795934280e+01
6.852235216323325062e+01 6.791205839241447961e+01 -9.935871158633855885e+03 -9.936141730689392716e+03 -9.935123672109541076e+03 -9.932419690592389088e+03 -9.934932072214889558e+03 5.993419235790440780e+01 -9.934643317956086321e+03 -9.933998499389748758e+03 6.475829292306303842e+01
6.256043243823691569e+01 5.807423772121276073e+01 -9.780823078605577393e+03 -8.686707684437431453e+03 -9.858422087959999772e+03 -7.455035021421732381e+03 -9.322069309361269916e+03 1.859639779618125743e+01 -9.927165647856420037e+03 -9.647413399780738473e+03 5.835688210710465995e+01
6.525226589585284387e+01 6.541728918777110380e+01 -9.937398176463339041e+03 -9.937920862524448239e+03 -9.937873430576739338e+03 -9.937550693646178843e+03 -9.937374350001526182e+03 -9.937746394806479657e+03 -9.935512749778499710e+03 -9.937451329899246048e+03 5.836716494214067552e+01
7.340144929654388761e+01 7.094466073974589904e+01 -9.934227333033784817e+03 -9.934018655311887414e+03 -9.929802678225914860e+03 -9.934350844190157659e+03 -9.931497739866576012e+03 -9.933246552798340417e+03 -9.935834728420169995e+03 -9.932366553162626587e+03 6.913324000266386804e+01
7.670702054073665010e+01 7.246193334617318271e+01 -9.929748160673165330e+03 -9.930677927707627532e+03 -9.930352284013821190e+03 -9.932743703955704405e+03 -9.930830424198076798e+03 -9.928282438627920783e+03 -9.929645256514901121e+03 -9.930789809372638047e+03 6.742968434657782950e+01
7.919502403001817470e+01 7.155089671934908324e+01 -9.925172616102343454e+03 -9.926054368812358007e+03 -9.926069231146804668e+03 -9.926414357518755423e+03 -9.928235768916112647e+03 -9.929639573205127817e+03 -9.927270636527024180e+03 -9.928543917031052843e+03 7.334667738045092733e+01
7.079400370113958729e+01 6.886760310511640171e+01 -9.934440339983048034e+03 -9.935289379309735523e+03 -9.933365396569530276e+03 -9.934745539213477969e+03 -9.934293904546841077e+03 -9.933285005618752621e+03 -9.936142976405328227e+03 -9.932861472479842632e+03 6.470897792281807881e+01
7.377198558450257337e+01 7.441466934559478830e+01 -9.932217973475328108e+03 -9.931344565229261207e+03 -9.933332531305728480e+03 -9.935248500538458757e+03 -9.934584376038732444e+03 -9.932017041587907443e+03 -9.928523823034676752e+03 -9.930968986446750932e+03 6.557998490271123160e+01
7.644955988601810759e+01 7.446605015039115472e+01 -9.927390577005200612e+03 -9.927627852601435734e+03 -9.928735720170228888e+03 -9.928672803020257561e+03 -9.928401328621144785e+03 -9.928702180490641695e+03 -9.927738671385099224e+03 -9.928383103295222099e+03 7.072741712011654158e+01
7.770310831790010297e+01 7.352032949809122897e+01 -9.926145694531811387e+03 -9.926624041773637146e+03 -9.927144556961047783e+03 -9.927078277529330080e+03 -9.926630738158524764e+03 -9.927168613338366413e+03 -9.927016105504841107e+03 -9.925807479625331325e+03 7.282672304554233733e+01
6.924449382527083685e+01 7.030339017692922710e+01 -9.933751250241833986e+03 -9.932921670590072608e+03 -9.932439515159987423e+03 -9.931781189152334264e+03 -9.932471132490623859e+03 -9.932471799281987842e+03 -9.932618516678292508e+03 -9.932548802262481331e+03 6.584099022725816042e+01
7.475715203975090617e+01 7.335312323942486046e+01 -9.932582643778107013e+03 -9.932436951198247698e+03 -9.930698777058179985e+03 -9.930185460022108600e+03 -9.932956527889011340e+03 -9.930352587750847306e+03 -9.929238957964702422e+03 -9.931591256641755535e+03 6.831691075979364314e+01
7.736196082329149704e+01 7.548032470126989324e+01 -9.929359636990517174e+03 -9.926985776230729243e+03 -9.928723862435144838e+03 -9.927265463478943275e+03 -9.929166789155366132e+03 -9.928373747821582583e+03 -9.928741786161102937e+03 -9.927750520525381944e+03 7.177348532754874100e+01
7.147351769390935772e+01 7.049048063176388723e+01 -9.929701643157839499e+03 -9.929807382253129617e+03 -9.929591512316965236e+03 -9.928853217790885537e+03 -9.929754328879464083e+03 -9.930494238069401035e+03 -9.929687214291167038e+03 -9.928530773787493672e+03 6.968641087933629308e+01
7.095823635725963641e+01 6.541478506712140017e+01 -9.934114150714747666e+03 -9.933721801294155739e+03 -9.934313587935095711e+03 -9.934339154520868760e+03 -9.935300621860420506e+03 -9.933799535688600372e+03 -9.934300267109598281e+03 -9.937146788084584841e+03 6.289273895811248849e+01
4.990880161275841687e+01 3.892411683502128739e+01 -9.935373680314234662e+03 -9.922630307870225806e+03 -9.936248516775978715e+03 -9.897482034463795571e+03 -9.939284597297622895e+03 -9.935228242952769506e+03 -9.937004839972087211e+03 -9.896289998319200095e+03 6.193620691964372327e+01
3.055588065868795411e+01 3.620487195953962356e+01 -9.324065153561350598e+03 -9.635440643738191284e+03 -9.332174805694779934e+03 -7.500000000000000000e+03 -7.474850039351385021e+03 -9.928469716136773059e+03 -9.873547970309809898e+03 -9.799073119129159750e+03 5.538818233660961710e+01
-5.000000000000000278e-02 -5.000000000000000278e-02 -4.977019692087728799e+03 0.000000000000000000e+00 0.000000000000000000e+00 -4.989815379120130274e+03 0.000000000000000000e+00 -4.967776015892142823e+03 0.000000000000000000e+00 0.000000000000000000e+00 0.000000000000000000e+00
-9.942213337910226983e+03 5.192910399302367352e+01 6.109954446439576259e+01 5.251609735270025681e+01 -9.943149207401478634e+03 -9.942026055243033625e+03 -9.942126669786426646e+03 -9.942458077856987074e+03 -9.940453076992085698e+03 -9.942403384153578372e+03 5.463902965080279728e+01
-9.938024441193367238e+03 5.936199620180683212e+01 6.505471082962915830e+01 5.521645113527503668e+01 -9.938761788377703851e+03 -9.941687905459430112e+03 -9.936836817413548488e+03 -9.942025577609518223e+03 -9.937188793514236750e+03 -9.941295452767526513e+03 5.698854816775816801e+01
-9.936581526093581488e+03 6.190537370361603564e+01 6.826245457030222497e+01 6.055496108967649604e+01 -9.936420976314821019e+03 -9.934627197803512900e+03 -9.935672123979629760e+03 -9.936075951550774334e+03 -9.937566003308820655e+03 -9.936284365516985417e+03 6.266476335202813175e+01
-9.932679318356971635e+03 6.575634732020645856e+01 7.184534500337869645e+01 6.236973752122419512e+01 -9.931425211695584949e+03 -9.933531266979989596e+03 -9.933647502254094434e+03 -9.933847184629386902e+03 -9.933496438208909240e+03 -9.933501112962894695e+03 6.684744258446026777e+01
-9.939011259072056419e+03 5.381212630415004128e+01 6.450536811220115396e+01 5.226845270555048728e+01 -9.940053037468907860e+03 -9.939914827354845329e+03 -9.938903015099884215e+03 -9.940287419038002554e+03 -9.940419331996297842e+03 -9.940160106429451844e+03 5.407115278251426105e+01
-9.934967463630655402e+03 6.283686548408530825e+01 6.783284565539312894e+01 5.600537908741704740e+01 -9.939645597477510819e+03 -9.939608422901812446e+03 -9.939699827904609265e+03 -9.938483236753247184e+03 -9.941385069855736219e+03 -9.938342988113798128e+03 6.046435504370579395e+01
-9.934620128776039564e+03 6.734899489271046491e+01 7.069276068299782878e+01 6.414570325018702590e+01 -9.933076814638325231e+03 -9.933071951440771954e+03 -9.932888873587080525e+03 -9.934223622586265265e+03 -9.936501672033642535e+03 -9.935117556402165064e+03 6.525542077049311729e+01
-9.930690416533972893e+03 6.971588307733583179e+01 7.282676783418494892e+01 6.464027362933767051e+01 -9.931040416928248305e+03 -9.931822113034890208e+03 -9.931424061926771174e+03 -9.931538230662989008e+03 -9.930261363002377038e+03 -9.930949055038490769e+03 6.934642051766586235e+01
-9.937898193492412247e+03 5.683213733179463389e+01 6.537615547063687416e+01 5.224520848057155575e+01 -9.937869648745923769e+03 -9.938154139207799744e+03 -9.938498633110451919e+03 -9.939305745438356098e+03 -9.938032114437839482e+03 -9.939412718210780440e+03 5.965911834085910215e+01
-9.936808614119774575e+03 6.190666582761065939e+01 6.775097821582522784e+01 5.908036340047965496e+01 -9.938180900588737131e+03 -9.933600611722886242e+03 -9.938022230436585232e+03 -9.936594886631157351e+03 -9.935259705463018690e+03 -9.938288063403611886e+03 6.341363891891703730e+01
-9.933854094231419367e+03 6.742839218699876369e+01 7.270843471955447512e+01 6.119815271564812775e+01 -9.932351325570616609e+03 -9.933176451230479870e+03 -9.931686642074946576e+03 -9.933840357944318384e+03 -9.932311044922873407e+03 -9.931787132120112801e+03 6.792883665782264302e+01
-9.931106486680037051e+03 6.875513430132527048e+01 7.373201261396279449e+01 6.390633625632885639e+01 -9.931176586841414974e+03 -9.931232550239004922e+03 -9.931800312828192546e+03 -9.930718223135088920e+03 -9.931509851939656073e+03 -9.930410464841204885e+03 6.951712043430097765e+01
-9.942283647128582743e+03 5.553996472952794505e+01 6.043505784610502474e+01 5.395699998575901191e+01 -9.940402357210765331e+03 -9.939726414817254408e+03 -9.941669806155576225e+03 -9.941887232719336680e+03 -9.942256407722459699e+03 -9.938915699647499423e+03 5.500233269074075793e+01
-9.938541553178605682e+03 6.033161186105076013e+01 6.650717972902018005e+01 5.926011369417720687e+01 -9.941336611724053000e+03 -9.937855219497530925e+03 -9.937475709016891415e+03 -9.939691736272216076e+03 -9.936830617765393981e+03 -9.937395042965323228e+03 6.038394778203702629e+01
-9.936962704479909007e+03 6.563249383100560408e+01 6.631365224954978999e+01 6.035803853046485301e+01 -9.936866021381472819e+03 -9.936882094678323483e+03 -9.937036065410922674e+03 -9.935525886996840200e+03 -9.934949049115743037e+03 -9.936158137125079520e+03 6.278773492881393992e+01
-9.935240301550278673e+03 3.749590009401082824e+01 3.346432079415198757e+01 5.957166600894321107e+01 -9.930625106191393570e+03 -9.324873842267297732e+03 -9.879926636022235471e+03 -9.928038377716889954e+03 -9.896862831222406385e+03 -9.781436155032777606e+03 6.267393318715499362e+01
-9.936563469176884610e+03 5.729346669367269840e+01 5.932961562165523617e+01 5.773598420451806135e+01 6.558719141103566130e+01 -9.937764458197203567e+03 -9.937379902503833364e+03 -9.937745874196423756e+03 -9.937590405785980693e+03 -9.937485676447948208e+03 6.146118467175161015e+01
-9.936853422875507022e+03 5.954256355046207005e+01 6.144826523084616809e+01 6.419473211882626629e+01 7.209243466181845861e+01 -9.931873600463148250e+03 -9.936953839238209184e+03 -9.932842215699671215e+03 -9.936107916853310599e+03 -9.930740164978778921e+03 6.308850333689759537e+01
-9.930810490680065413e+03 6.553468440119297611e+01 6.963469575567631864e+01 6.623692432992780255e+01 7.270360154989526791e+01 -9.930954668104981465e+03 -9.930026733041660918e+03 -9.930784931634862005e+03 -9.930819732122317873e+03 -9.930914368024379655e+03 6.616205996005203360e+01
-9.782984889145871421e+03 6.437510064466738413e+01 4.513192875307029794e+01 5.983549185271247950e+01 2.807741409012423262e+01 -7.447631981628095673e+03 -9.337614787064769189e+03 -4.969421827193783429e+03 0.000000000000000000e+00 -4.990842370793707232e+03 0.000000000000000000e+00
-9.937844639978391569e+03 5.453763269175109940e+01 6.217858715325942143e+01 6.275816855019503038e+01 7.133938889329954236e+01 -9.935243518022671196e+03 -9.935442381979744823e+03 -9.933799538823284820e+03 -9.933492640534983366e+03 -9.933609406053143175e+03 6.402516921081092960e+01
-9.933116019156495895e+03 6.346216283815706305e+01 6.694175893381003561e+01 6.367208355020107291e+01 7.404952886577743243e+01 -9.934053259647031155e+03 -9.934972746586507128e+03 -9.932312244309945527e+03 -9.932276397010049550e+03 -9.930515398759704112e+03 6.951233763684096800e+01
-9.928853327649980201e+03 6.783430177482048862e+01 7.180523671215503612e+01 6.865545912856549648e+01 7.799760199090985680e+01 -9.928483997179127982e+03 -9.930304973822068860e+03 -9.930148138849774114e+03 -9.927409360349487542e+03 -9.932086062870368551e+03 6.912049065444757900e+01
-9.929122147780864907e+03 6.354294609341538802e+01 6.613309485102372776e+01 6.287296065666265577e+01 7.847560011535141200e+01 -9.908430353578432914e+03 -9.918926292499703777e+03 -9.850656388453026011e+03 -9.907921082634393315e+03 -9.928223502357286634e+03 6.980584055905359264e+01
-9.938858447245300340e+03 5.683544086456646482e+01 6.084822916729088149e+01 6.552638688828585600e+01 6.617243577963105849e+01 -9.935070402729808848e+03 -9.936697993639481865e+03 -9.938536173280765070e+03 -9.937477081973283930e+03 -9.932990445866978916e+03 5.915140854389215974e+01
-9.936421154090408891e+03 6.469887743956743975e+01 7.083225494328308969e+01 6.571611956623962669e+01 7.043364314839959661e+01 -9.935850926953724411e+03 -9.933621015176899164e+03 -9.934328945146780825e+03 -9.933677043024224986e+03 -9.934400869314977172e+03 6.417068739765878149e+01
-9.931711686083976019e+03 6.742895913501112659e+01 7.163802053003929871e+01 7.146561631684610916e+01 7.251464690636014154e+01 -9.932274184047320887e+03 -9.931824205194676324e+03 -9.932268549668120613e+03 -9.931221655731482315e+03 -9.930408658022071904e+03 7.102316753962927010e+01
-9.925625337168727128e+03 6.677128802717805911e+01 6.916927442935656245e+01 6.775204392611283311e+01 7.186326152779346899e+01 -9.931137776566945831e+03 -9.893981300958728752e+03 -9.932266486593500304e+03 -9.930313036876819751e+03 -9.931157862657681108e+03 6.912433957595334277e+01
-9.938774854305967892e+03 5.891510641105583090e+01 6.402171034604145916e+01 6.200560728221995532e+01 -9.625867931302796933e+03 -9.940395626887409890e+03 -9.940495511976798298e+03 -9.939184475600661244e+03 -9.939281243289293343e+03 -9.938613544555702902e+03 5.683167408517042674e+01
-9.937410879729324733e+03 6.284038688320069355e+01 6.692759726177965263e+01 6.298189110336163310e+01 -9.862226054018377909e+03 -9.940225785543972961e+03 -9.940710912200902385e+03 -9.938557638702335680e+03 -9.938950371052054834e+03 -9.939596642923472245e+03 6.095225308331693270e+01
-9.936717048928607255e+03 6.155133956704278830e+01 6.618065218097004276e+01 6.722411111380014859e+01 -9.858556284856680577e+03 -9.937270735866328323e+03 -9.935935173685826157e+03 -9.937207914030812390e+03 -9.936518847901166737e+03 -9.936583902176176707e+03 6.292183535099012204e+01
-9.937180190587261677e+03 5.879860964427155778e+01 6.896287266113961323e+01 5.941838460092930063e+01 -9.231160102200687106e+03 -9.937109892824933922e+03 -9.937708593854684295e+03 -9.936016206969088671e+03 -9.937539900461251818e+03 -9.937523825330081308e+03 6.483296020955623362e+01
-9.928056271032577570e+03 5.885776880610798401e+01 5.336464899435210896e+01 6.333453995827230187e+01 7.413988720165099267e+01 6.647345422646708357e+01 -9.930145913257845677e+03 -9.928906860861676250e+03 -9.929866627720486576e+03 -9.932628813099190666e+03 6.405363704431503891e+01
-9.927445893837586482e+03 6.667418998300030353e+01 6.280111888841086909e+01 7.250885202261763141e+01 7.890714522777307138e+01 7.374625069296558877e+01 -9.929305934687952686e+03 -9.929171133798958181e+03 -9.930037666621821700e+03 -9.928600609534025352e+03 6.943305575893894854e+01
-9.889445784411231216e+03 6.591790558108698406e+01 6.161855529935068887e+01 7.131244505809269185e+01 8.047102265613126804e+01 7.513896018591506731e+01 -9.909337144995250128e+03 -9.849581026206034949e+03 -9.850065010141128369e+03 -9.889432446976523352e+03 5.908615500461245773e+01
-4.968164652232678236e+03 4.816919683823829956e+01 0.000000000000000000e+00 4.637550602010185230e+01 6.792960096783757251e+01 0.000000000000000000e+00 -7.463164769304110450e+03 -4.967733439540276777e+03 -4.993506923919720975e+03 -9.319961080095752550e+03 1.511148863783530949e+01
-9.930315966306581686e+03 6.238856607422030720e+01 6.122115123732075403e+01 6.879217390085990758e+01 7.257767100918739800e+01 6.695781705307791754e+01 -9.932766531741443032e+03 -9.931229939700697287e+03 -9.931957785156781028e+03 -9.931726784367761866e+03 6.611663218125890751e+01
-9.929303884480032139e+03 6.678968379433344182e+01 6.888285080008458294e+01 7.132710777191502416e+01 7.601785358319276042e+01 7.139367616969224173e+01 -9.931958506623221183e+03 -9.929385621029210597e+03 -9.929152365716807253e+03 -9.928305259903168917e+03 7.016577101578053544e+01
-9.928733709724172513e+03 7.101077605781911473e+01 6.996979979345124434e+01 7.563873316305881644e+01 8.137979747923711216e+01 7.268777220441783982e+01 -9.923917695220818132e+03 -9.926959358381547645e+03 -9.926499041187093098e+03 -9.926878970537012719e+03 7.470100080379287988e+01
-9.771276537961359281e+03 7.026924268519366024e+01 5.356495691741511678e+01 7.249825600882542176e+01 7.581870152570459709e+01 7.274724680142290367e+01 -9.617611997459578561e+03 -9.924317540941707193e+03 -9.920613515885574088e+03 -9.926638025828975515e+03 7.284548248772614443e+01
-9.934082817529035310e+03 6.473035108782129043e+01 6.403784219331396343e+01 7.038905316040629145e+01 6.959710668236834863e+01 -9.931821293748602329e+03 -9.934469886675753514e+03 -9.934256663289212156e+03 -9.934620337375214149e+03 -9.934463511276066129e+03 6.367706607771995664e+01
-9.932447670180376008e+03 6.931613280933488852e+01 6.988712144344822264e+01 7.441663488218435418e+01 7.213775826805097324e+01 -9.927553972158852048e+03 -9.930713600343080543e+03 -9.932232232329019098e+03 -9.929959288990268760e+03 -9.933073535491343137e+03 6.724249528687937527e+01
-9.929135267528930854e+03 6.961106271259973255e+01 7.145519546313707338e+01 7.702078774785123016e+01 7.275261789949260560e+01 -9.929298684881599911e+03 -9.927739447520150861e+03 -9.927586520735267186e+03 -9.928201292053567158e+03 -9.927974147451392128e+03 7.059297164394170920e+01
-9.929549877955050761e+03 7.054146256273401150e+01 7.170828355613750205e+01 7.207163036370468490e+01 7.365742534929901808e+01 -8.669332040576851796e+03 -9.929783007516769430e+03 -9.929456802358854475e+03 -9.927836310341683202e+03 -9.928909079759365341e+03 7.322814465922022009e+01
-9.934059356363137340e+03 6.309595212528765273e+01 6.170490663181600866e+01 6.972246527490985102e+01 -6.176553131100290557e+03 -9.935831918650987063e+03 -9.936717169201354409e+03 -9.933346570209545462e+03 -9.937861223176096246e+03 -9.934762177840235381e+03 6.267544410954208445e+01
-9.934223611771705691e+03 6.566176657662731486e+01 6.377604906747821190e+01 7.121982379702558319e+01 -6.805681047578551443e+03 -9.933774662092404469e+03 -9.933630173001300136e+03 -9.932399143787008143e+03 -9.932709913565022362e+03 -9.934957956280402868e+03 6.594736470357607061e+01
-9.932013395706791925e+03 6.769773259313663516e+01 6.574995347999650619e+01 7.048749370409780113e+01 -9.932224636330900466e+03 -9.932778997876917856e+03 -9.931555342056508380e+03 -9.932771365462393078e+03 -9.931145519635048913e+03 -9.931568220057772123e+03 6.738691402612673187e+01
-9.935367179892338754e+03 6.640605393669815726e+01 6.246890769358072504e+01 6.445190942338979312e+01 -9.919080994696481866e+03 -9.935897533630773978e+03 -9.932429854194600921e+03 -9.935134137917393673e+03 -9.933699636348141212e+03 -9.933931741566066194e+03 6.689082341495377193e+01
-9.928642619006182940e+03 6.562237394017714109e+01 6.246295540628432263e+01 7.016558142649063257e+01 7.667901348168706477e+01 6.936176167689276895e+01 6.321653335500747062e+01 -9.930353988574697723e+03 -9.931144597492926550e+03 -9.928911527252674205e+03 6.322043451060109476e+01
-9.924085384664029334e+03 7.014675922180950352e+01 6.804137898640013304e+01 7.506355646417614480e+01 8.115606505621369138e+01 7.700833865540943179e+01 6.943445555572597527e+01 -9.932019716411565241e+03 -9.924836691254327889e+03 -9.929308034077177581e+03 7.211832596646326010e+01
-9.922471351325748401e+03 7.345277214528340437e+01 6.784838044085446995e+01 7.588521164506646244e+01 8.339259808118544015e+01 7.887082504661498206e+01 7.291032747749281384e+01 -9.924097830529306520e+03 -9.924679618260441202e+03 -9.921882310697659705e+03 7.594771260264414536e+01
-9.920383733040820516e+03 7.135550101050316130e+01 7.449092380360116294e+01 7.524483367927314248e+01 8.269292664026841067e+01 7.744535533427698226e+01 7.101923396227293495e+01 -9.917940218499597904e+03 -9.920983092493777804e+03 -9.921633102484089250e+03 7.790901207520397520e+01
-9.928146652144625477e+03 6.952274183257033258e+01 6.242907421986582506e+01 7.631110877045563257e+01 7.356129139557438634e+01 7.091437975621958856e+01 -9.751769617710746388e+03 -9.926568576089377530e+03 -9.927148228109483171e+03 -9.928726913509806764e+03 7.177642363179005258e+01
-9.928749291127847755e+03 7.150577321924235719e+01 7.099226362069018137e+01 7.987588122809643210e+01 7.865905325868985187e+01 7.129083572663495261e+01 -9.712097963072397761e+03 -9.926576523411848029e+03 -9.926069780552777956e+03 -9.924945781146554509e+03 7.238965076291373180e+01
-9.924187116318884364e+03 7.347516646280230646e+01 7.223401124310569799e+01 7.723743429392621351e+01 8.110683723773458098e+01 7.342902321971698143e+01 -9.914185753650268452e+03 -9.921027265426979284e+03 -9.922504366263468910e+03 -9.922173235387601380e+03 7.475044788630003723e+01
-9.921876095002240618e+03 7.266414835992011945e+01 7.330319762969438102e+01 7.479845075882555250e+01 8.240275214166220508e+01 7.589623238145695439e+01 -8.672562071810760244e+03 -9.922123393935329659e+03 -9.922347334389862226e+03 -9.920978428123624326e+03 7.776416737454897543e+01
-9.926096243186068023e+03 6.952575749709647823e+01 6.382134287358877600e+01 7.901277110390452663e+01 7.452878941467928087e+01 -7.369376141069855294e+03 -9.925835875225769996e+03 -9.926163997365914838e+03 -9.927313502867724310e+03 -9.927619941889657639e+03 6.907450260942081854e+01
-9.925169862310685858e+03 7.454965795121086103e+01 6.968385606084808614e+01 7.947129937193179217e+01 7.721670915785006173e+01 -9.925180152232587716e+03 -9.927640342794371463e+03 -9.925925760241872922e+03 -9.924893292606424438e+03 -9.924629711552574008e+03 7.492652595438484298e+01
-9.923971175401555229e+03 7.528584120199231222e+01 7.067566462008956307e+01 7.748610565010807250e+01 7.850458007935625915e+01 -9.924465028297026947e+03 -9.925827139973080193e+03 -9.924489548179048143e+03 -9.924967372231478294e+03 -9.925383014223800274e+03 7.528710921281657420e+01
-9.923423792268320540e+03 7.271724969779262437e+01 6.912638191109613217e+01 7.297478288393648427e+01 7.416729540131660769e+01 -9.927076287352576401e+03 -9.925886237941960644e+03 -9.923373381956593221e+03 -9.926012760712525051e+03 -9.924899226101802924e+03 7.359749918612217812e+01
-9.928894110614482997e+03 6.856237212825124061e+01 6.360897849947133409e+01 7.732206643982284788e+01 -9.889837282619870166e+03 -9.929713451792398700e+03 -9.929428881063360677e+03 -9.928614055697777076e+03 -9.928920677448326387e+03 -9.928887225359836521e+03 6.844751014038729409e+01
-5.000000000000000000e+03 -5.000000000000000278e-02 0.000000000000000000e+00 6.149052703388715457e+01 -7.455373297616288255e+03 -7.489167917187718558e+03 -7.492873745542656252e+03 -8.728189180123148617e+03 -4.962031785147279152e+03 -8.693696230996867598e+03 3.205612000565970021e+01
0.000000000000000000e+00 0.000000000000000000e+00 0.000000000000000000e+00 0.000000000000000000e+00 0.000000000000000000e+00 -4.978477036762186799e+03 0.000000000000000000e+00 -4.988336908756056800e+03 0.000000000000000000e+00 0.000000000000000000e+00 3.385575745075621512e+01
-5.000000000000000000e+03 0.000000000000000000e+00 0.000000000000000000e+00 0.000000000000000000e+00 0.000000000000000000e+00 0.000000000000000000e+00 0.000000000000000000e+00 0.000000000000000000e+00 0.000000000000000000e+00 0.000000000000000000e+00 0.000000000000000000e+00
5.610709399672663977e+01 5.214438351695389429e+01 5.720713206799234740e+01 5.191123829654951294e+01 -9.944908307189754851e+03 -9.943281770193210832e+03 -9.944343844501079730e+03 -9.943848320414112095e+03 -9.941655434622884059e+03 -9.943927431024705584e+03 5.708998919072614342e+01
5.808730033263672965e+01 6.228073432882289495e+01 6.144975534286130880e+01 5.414463331248849443e+01 -9.942317520330681873e+03 -9.941375401093024266e+03 -9.940697063015919412e+03 -9.940019542485519196e+03 -9.939798779862623633e+03 -9.942786769835354789e+03 5.962877132388169343e+01
6.480978731245360791e+01 6.395171259052986557e+01 6.879552147965026165e+01 6.102721482778401452e+01 -9.934716297978133298e+03 -9.936123042334937054e+03 -9.936678951253619744e+03 -9.934754058078447997e+03 -9.937042932271939208e+03 -9.935240334708896626e+03 6.400880782622134291e+01
6.795290952477080282e+01 6.881796930563184844e+01 7.453397984814989741e+01 6.239866516552334019e+01 -9.933999398214105895e+03 -9.930239139183251609e+03 -9.933733194216252741e+03 -9.932382524332238972e+03 -9.933013639039931149e+03 -9.932889476369131444e+03 6.711691956739571197e+01
5.852241571838668222e+01 5.686529179642162291e+01 6.306555725463299211e+01 5.337405708468274668e+01 -9.940436543182313471e+03 -9.940791688879238791e+03 -9.940698702154824787e+03 -9.940093743717952748e+03 -9.940197742493746773e+03 -9.940866157897213270e+03 5.706417767096741045e+01
6.009581951840577574e+01 6.214758460489992586e+01 6.947141542654529189e+01 5.621676868220093581e+01 -9.938747847390513925e+03 -9.936484072195988119e+03 -9.938218538004968650e+03 -9.941326595309961704e+03 -9.938819839728788793e+03 -9.938389967920647905e+03 6.245097404602846325e+01
6.771937090819614014e+01 6.691706153694389059e+01 7.134266790336451436e+01 6.161335570065354261e+01 -9.933706819543062011e+03 -9.934902679674847604e+03 -9.934593841868590971e+03 -9.932931922039337223e+03 -9.935112954418516892e+03 -9.932528262514244489e+03 6.815039826904209974e+01
6.884929081934845385e+01 6.921066140806270539e+01 7.353234063061611891e+01 6.486430814638416109e+01 -9.930472935465830233e+03 -9.929886934367679714e+03 -9.930023001844954706e+03 -9.932101461181675404e+03 -9.929786161668667773e+03 -9.930515458874322576e+03 6.880214020924105967e+01
5.696590832809367555e+01 6.081033144429592596e+01 6.332457446337960505e+01 5.316583820668176230e+01 -9.938422669895680883e+03 -9.937489134291452501e+03 -9.939142463076957938e+03 -9.938277294414721837e+03 -9.939632517340469349e+03 -9.940042087992527740e+03 5.802072678154628704e+01
6.057725506455725650e+01 6.335307120528203484e+01 7.091846864209443879e+01 5.856482566907170906e+01 -9.935538371477652618e+03 -9.936907823760990141e+03 -9.934371567249443615e+03 -9.936010426181979710e+03 -9.936604363354555971e+03 -9.937704244926524552e+03 6.327641139394737735e+01
6.816645674151241963e+01 6.703799363622437113e+01 7.247229825347977794e+01 6.031046705229172744e+01 -9.932615778911584130e+03 -9.933134289160292610e+03 -9.933971434015009436e+03 -9.933078173083657020e+03 -9.932964470051090757e+03 -9.931248422625643798e+03 6.657336195559193470e+01
6.891902791364202585e+01 6.864337821056258804e+01 7.330970158447189533e+01 6.342225473410742609e+01 -9.932052711506377818e+03 -9.930806238685083372e+03 -9.931496802110901626e+03 -9.931452191654356284e+03 -9.930632103385643859e+03 -9.930462163832158694e+03 6.930184319236974488e+01
5.686533960206238447e+01 5.889080321291529430e+01 6.178405810708186152e+01 5.239701282034963015e+01 -9.939869172433154745e+03 -9.940389637323609350e+03 -9.940625089758344984e+03 -9.938852463081264432e+03 -9.939856475467506243e+03 -9.937369209285883699e+03 6.037475238608126915e+01
6.355143974997787382e+01 6.094152241340603382e+01 6.318002877105956827e+01 5.650303684744724819e+01 -9.939889880109902151e+03 -9.939287360186903243e+03 -9.939757517240796005e+03 -9.941563363133243911e+03 -9.937994527010032471e+03 -9.938590693185669807e+03 6.004757961977348657e+01
6.287901772780796250e+01 5.966223228105361898e+01 6.664448804710163188e+01 6.048968197173877570e+01 -9.926755553105478612e+03 -9.926753940705577406e+03 -9.936550891019083792e+03 -9.917425458724866985e+03 -9.936530230696767831e+03 -9.918165240414766231e+03 6.503533279194978434e+01
3.118441525238683809e+01 0.000000000000000000e+00 2.203341627350565091e+01 0.000000000000000000e+00 -9.641726360255805048e+03 -5.000000000000000000e+03 -4.994897068609942835e+03 -9.348440088397695945e+03 0.000000000000000000e+00 -9.330629160963055256e+03 1.612017938927643002e+01
5.789150487908067078e+01 5.541197218928510893e+01 6.173838354540945517e+01 6.175740849190538029e+01 -9.941134979425929487e+03 -9.940874197491448285e+03 -9.940632222913649457e+03 -9.941102724104450317e+03 -9.940243754919365529e+03 -9.941853804374542960e+03 5.535673937638641462e+01
6.580896782736441253e+01 5.997621504658538072e+01 6.571828546877878807e+01 6.228920396188221531e+01 -9.939426065605282929e+03 -9.940846835367598032e+03 -9.940278199990165376e+03 -9.941144649518810184e+03 -9.939591354341549959e+03 -9.940019165847064869e+03 5.697906861289834524e+01
6.948729276030434221e+01 6.215708768916098137e+01 6.782832241854472954e+01 6.185016837526485745e+01 -9.936587673079784508e+03 -9.933312315668503288e+03 -9.934205690952745499e+03 -9.933190900092336960e+03 -9.933716104893610463e+03 -9.935408259562314925e+03 6.539491246757995668e+01
0.000000000000000000e+00 5.267273050696675796e+01 3.656535277017169960e+01 6.673950193125895680e+01 -9.626731846948445309e+03 -9.314585593126817912e+03 -7.460501859400743342e+03 -4.966213056900905030e+03 -8.692623759345919098e+03 -7.449954613569847425e+03 5.539441550587633145e+01
5.837853512629597219e+01 5.609593041128735535e+01 6.106284397127255659e+01 6.323828982873270377e+01 -9.940362823277522693e+03 -9.941586288240665453e+03 -9.941884298102515459e+03 -9.940796575626267440e+03 -9.941047344445922135e+03 -9.940861072088840956e+03 5.671538520994326404e+01
6.463832212350092732e+01 6.177193021413847163e+01 6.834492898012834416e+01 6.435294497669872271e+01 -9.938390922867914924e+03 -9.938503703427024448e+03 -9.936300804958353183e+03 -9.938911465693232458e+03 -9.936192484332474123e+03 -9.939425303378398894e+03 6.281014175723292681e+01
7.116399923792505433e+01 6.640307971532214992e+01 7.145719595532661117e+01 6.796620803509945574e+01 -9.935466531886922894e+03 -9.931503330950064992e+03 -9.935152823699350847e+03 -9.932170389214281386e+03 -9.934163420938173658e+03 -9.935062533090236684e+03 6.657556923705183749e+01
6.961927025287280912e+01 6.091019216762609290e+01 6.661944108078577642e+01 6.757965863232135462e+01 -9.780784667040767090e+03 -4.967786417201864424e+03 -7.450550242232009623e+03 -9.311585306308090367e+03 -9.894711746712389868e+03 -8.691906469895922783e+03 4.488008189046961860e+01
5.959201003738137814e+01 5.628746587014704517e+01 6.245417533237909424e+01 6.125038433609892508e+01 -9.940942651780260348e+03 -9.939896772215572128e+03 -9.941079480417456580e+03 -9.941012973119111848e+03 -9.941732693166064564e+03 -9.940933747162585860e+03 5.787648405122926931e+01
6.503748597602232451e+01 6.383958121479214753e+01 7.152471836620397028e+01 6.728637783508659709e+01 -9.933920881313757491e+03 -9.935577672997189438e+03 -9.939827274482788198e+03 -9.934446976062354224e+03 -9.933281043434659296e+03 -9.934472242310788715e+03 6.339062485110845557e+01
6.844823113824533323e+01 6.683687542347297494e+01 7.252358280139900160e+01 7.009953855288290470e+01 -9.932758266851795270e+03 -9.935208207859675895e+03 -9.932309500980420125e+03 -9.934377989868738950e+03 -9.933072762284935379e+03 -9.932986845322730005e+03 6.715777980453182749e+01
6.116568799561241576e+01 6.387655939826896656e+01 6.194076788903787900e+01 6.787985229160605627e+01 -9.623410923235413065e+03 -9.787943291116454930e+03 -9.857826500900584506e+03 -9.929220257661856522e+03 -9.894208197971136542e+03 -9.781977439635520568e+03 6.207296879323340022e+01
5.586643956622830842e+01 5.738801327449419176e+01 6.338370749654816905e+01 5.840375180184646808e+01 -9.940225927028142905e+03 -9.939839170775549064e+03 -9.940039218707835971e+03 -9.939354915314319442e+03 -9.939768739467002888e+03 -9.939853748219953559e+03 5.578644983970861659e+01
6.086955397180213367e+01 6.115820997782032009e+01 6.424524355987506397e+01 6.728956092780052245e+01 -9.936037978121094056e+03 -9.936980634988136444e+03 -9.939492971720832429e+03 -9.938142774559022655e+03 -9.940178870233590715e+03 -9.938887537083663119e+03 6.292200126925892789e+01
6.329730493052146301e+01 5.723727877565121958e+01 5.204298756299886719e+01 0.000000000000000000e+00 -9.937381392431536369e+03 -9.916653768317442882e+03 -9.866037546916708379e+03 -9.323890106173779714e+03 -9.933196844314006739e+03 -9.919294666378013062e+03 5.940483104754887478e+01
0.000000000000000000e+00 1.568819120404872614e+01 5.975194917938067007e+00 6.059218174754235520e+01 0.000000000000000000e+00 -5.000000000000000000e+03 -5.000000000000000000e+03 -7.468356762686446018e+03 -7.472633863582676895e+03 -4.973900382901390913e+03 0.000000000000000000e+00
6.480762136446784893e+01 6.062300676773120500e+01 6.105779522080528920e+01 6.573433259579854848e+01 -9.937269012701446627e+03 -9.936938697862533445e+03 -9.937867340989732838e+03 -9.937197027306414384e+03 -9.937106000817426320e+03 -9.938128052878993913e+03 5.832732254241027192e+01
6.943894562522881131e+01 6.603943035594488720e+01 6.511341358541034197e+01 6.867549801283043109e+01 -9.934293870316927496e+03 -9.935637104430101317e+03 -9.935578518676629756e+03 -9.936871163033472840e+03 -9.936539004934958939e+03 -9.932516038196739828e+03 6.298607201941894118e+01
6.892778412819876621e+01 6.026860655470122907e+01 6.671364943442172546e+01 6.766750355479642565e+01 -9.780374772074428620e+03 -8.692522760339586966e+03 -9.895530207378982595e+03 -9.779375563667485039e+03 -7.450350826973393850e+03 -9.893260410907027108e+03 6.347687048226935502e+01
4.397474851694499876e+01 3.023345846686024885e+01 3.527209079200601849e+01 0.000000000000000000e+00 0.000000000000000000e+00 0.000000000000000000e+00 -4.967873264497718992e+03 0.000000000000000000e+00 -4.979111994454450723e+03 0.000000000000000000e+00 0.000000000000000000e+00
6.479455004518439409e+01 6.056655717726866328e+01 6.121212301948519041e+01 6.822162546115632153e+01 -9.935343808296995121e+03 -9.935704902960344043e+03 -9.934059038179293566e+03 -9.935211029601028713e+03 -9.934731084897874098e+03 -9.935396222064195172e+03 6.365918659185622630e+01
6.842222485225198625e+01 6.570620136298713021e+01 6.632457565775038688e+01 7.457356728024824122e+01 -9.930148149218222898e+03 -9.932605271375787197e+03 -9.931714669390614290e+03 -9.933009798322722418e+03 -9.929594881952667492e+03 -9.933403396314348356e+03 6.526853015783521528e+01
7.181835017557216361e+01 6.784418451243810466e+01 6.975341959987011364e+01 7.569581180948080146e+01 -9.929516810085229736e+03 -9.930016254337377177e+03 -9.928822648794557608e+03 -9.930510881234258704e+03 -9.929510370891595812e+03 -9.929255332069697033e+03 7.156598602263895259e+01
6.509466294843218748e+01 4.705846849103127028e+01 0.000000000000000000e+00 7.335601359319957737e+01 -9.313685214029359486e+03 -9.630035144867766576e+03 -7.454846839850013566e+03 -8.690177735612538527e+03 -8.696426251233555377e+03 -9.313757683308247579e+03 5.564031511553152143e+01
6.049079395421907179e+01 6.440570108988431741e+01 6.135848116393036378e+01 7.104569876488656632e+01 -9.934246866088753450e+03 -9.934243583930274326e+03 -9.933984642887440714e+03 -9.933167956366389262e+03 -9.935824259104794692e+03 -9.933995264338671404e+03 6.293478148590199339e+01
6.739510664171191934e+01 6.912820954422659270e+01 6.675604867781898122e+01 7.370812208205715876e+01 -9.931793340300384443e+03 -9.931917061400981765e+03 -9.930725808673829306e+03 -9.932734762252661312e+03 -9.933548830319965418e+03 -9.931448223197585321e+03 6.878999183776093673e+01
6.981105281774244986e+01 7.120556113692654776e+01 7.138920332912302058e+01 7.545403835400847470e+01 -9.928896607169484923e+03 -9.929027325714459948e+03 -9.929492223385139368e+03 -9.928814336953155362e+03 -9.929724911325420180e+03 -9.930068737946985493e+03 7.069444372474808347e+01
7.001672152178657882e+01 4.812693199920600051e+01 7.103594730175797167e+01 6.976377987951653381e+01 -9.309704036412809728e+03 -9.775000946336316701e+03 -9.316274760724641965e+03 -9.930334316038897668e+03 -7.465807683779460604e+03 -9.313674072668763984e+03 6.607136818800373135e+01
6.101856983763957487e+01 6.045951007828305990e+01 6.192328536131530825e+01 7.026247501327083000e+01 -9.935079987633704150e+03 -9.934789592847526364e+03 -9.935064001904474935e+03 -9.936251340475482721e+03 -9.935401835030999791e+03 -9.935910132020031597e+03 6.211940757983491324e+01
6.791068018366846104e+01 6.813525649417388763e+01 6.399067332638234973e+01 7.196186195038660571e+01 -9.935581588997667495e+03 -9.932499381821933639e+03 -9.933057579842003179e+03 -9.935448156236921932e+03 -9.932150432837419430e+03 -9.933575506028329983e+03 6.746100244600162910e+01
6.782016800666485778e+01 6.968586354033492114e+01 6.477294586043309721e+01 7.131702312478110173e+01 -9.931782111369291670e+03 -9.932541176156308211e+03 -9.934060499693041493e+03 -9.932047696159066618e+03 -9.933060073705981267e+03 -9.932346361540970975e+03 6.759352358723282350e+01
6.024821217821633468e+01 5.915926986583693292e+01 5.551229948662658842e+01 7.145264103834830394e+01 -9.626101032230648343e+03 -8.695286496216500382e+03 -8.696550052116013831e+03 -9.859180976298339374e+03 -9.901905845171189867e+03 -9.933961129677449208e+03 4.990159690136456305e+01
6.884345081644394782e+01 6.894075016820644919e+01 5.975355225883031807e+01 7.531525536627023598e+01 -9.931718290173394053e+03 -9.931922529960065731e+03 -9.929248426137968636e+03 -9.928642185906002851e+03 -9.930149412755756202e+03 -9.929421623572361568e+03 6.253640880530813462e+01
7.402124206815840068e+01 6.656865080622105779e+01 6.687866104166684522e+01 7.699866141471805747e+01 -9.928728153785381437e+03 -9.928729650873305218e+03 -9.927549195703399164e+03 -9.929817411983549391e+03 -9.928520246442105417e+03 -9.927397640082450380e+03 7.189086404473843572e+01
7.735625587934862324e+01 7.041601901424601806e+01 7.168762963218077289e+01 7.773984943866250319e+01 -9.926830585127372615e+03 -9.927982923291965562e+03 -9.928525239331864213e+03 -9.928657749341889939e+03 -9.927435781913771280e+03 -9.927059149791721211e+03 7.311378263303035396e+01
7.876639483392864349e+01 7.163870451738556255e+01 7.376506330330903438e+01 7.633682274518855593e+01 -9.852388529254087189e+03 -9.616201968618497631e+03 -9.910104472140283178e+03 -9.924319861012070760e+03 -9.316055898447391883e+03 -9.889308536291013297e+03 6.818375050146335070e+01
6.714916076092158903e+01 6.691491623094589158e+01 6.318063949822140302e+01 7.628852789218444741e+01 -9.927836324104042433e+03 -9.927017011273615935e+03 -9.929162331249584895e+03 -9.927130003176771424e+03 -9.927536251530073059e+03 -9.927727613013277733e+03 7.047543771166075999e+01
7.128693878244240523e+01 7.403268933064116197e+01 6.747953388970083211e+01 7.889962837856165834e+01 -9.928600913679270889e+03 -9.927142757551515388e+03 -9.929116671689713257e+03 -9.927138222059988038e+03 -9.925518255723767652e+03 -9.926401887846015597e+03 7.005906095340941420e+01
7.645710207301857508e+01 7.353958882954921705e+01 7.124519806418756218e+01 7.721753508965855417e+01 -9.925666895892176399e+03 -9.925339456564550346e+03 -9.926370912973674422e+03 -9.925677293119319074e+03 -9.926103833143883094e+03 -9.924455864599052802e+03 7.313705427419850480e+01
7.480142810448739965e+01 7.528404792804956003e+01 7.311459367925661468e+01 7.510658955061379061e+01 -9.927731408933563216e+03 -9.928694880113851468e+03 -9.926410742456635489e+03 -9.926898793248279617e+03 -9.927529003018174990e+03 -9.926700781210467539e+03 7.311422582081067389e+01
6.838785521485718277e+01 7.139781214464726133e+01 6.291087772836765168e+01 7.371536694912364851e+01 -9.927251483775513407e+03 -9.927226930823206203e+03 -9.926134089458950257e+03 -9.926721107756171477e+03 -9.927229904678621097e+03 -9.927622903716815927e+03 6.887237902899116193e+01
7.457972205807448063e+01 7.208417415992548172e+01 6.848471314650360853e+01 8.149354352572113669e+01 -9.924591072134460774e+03 -9.925402304577050018e+03 -9.926196877467771628e+03 -9.927716925252776491e+03 -9.928218170756865220e+03 -9.925769614360355263e+03 7.461510005488770503e+01
7.452972124740855975e+01 7.656138992085465134e+01 7.234427374180438619e+01 7.621678776435479108e+01 -9.926052660669547549e+03 -9.923930331384872261e+03 -9.923921168637420124e+03 -9.924080988097110094e+03 -9.923284092256217264e+03 -9.923534036843393551e+03 7.558366227407131532e+01
7.568845541681238842e+01 7.220826247531798003e+01 6.953662454725007080e+01 7.668279178187093237e+01 -9.926915097618093569e+03 -9.925443044411007577e+03 -9.927224418611451256e+03 -9.926511141228931592e+03 -9.929406985581681511e+03 -9.926298024354078734e+03 7.458221107909173497e+01
6.853455326903966238e+01 6.852091138373390322e+01 6.405536845684235914e+01 7.511443852871623506e+01 -9.928761789237341873e+03 -9.928961932584457827e+03 -9.928977464899160623e+03 -9.928925438792530258e+03 -9.929319906012944557e+03 -9.928222729894503573e+03 6.916212445030191702e+01
0.000000000000000000e+00 0.000000000000000000e+00 0.000000000000000000e+00 -5.000000000000000278e-02 0.000000000000000000e+00 0.000000000000000000e+00 -5.000000000000000000e+03 0.000000000000000000e+00 -4.964657055562663118e+03 0.000000000000000000e+00 0.000000000000000000e+00
0.000000000000000000e+00 0.000000000000000000e+00 0.000000000000000000e+00 0.000000000000000000e+00 0.000000000000000000e+00 0.000000000000000000e+00 0.000000000000000000e+00 0.000000000000000000e+00 0.000000000000000000e+00 0.000000000000000000e+00 0.000000000000000000e+00
0.000000000000000000e+00 0.000000000000000000e+00 0.000000000000000000e+00 0.000000000000000000e+00 0.000000000000000000e+00 0.000000000000000000e+00 0.000000000000000000e+00 0.000000000000000000e+00 0.000000000000000000e+00 0.000000000000000000e+00 0.000000000000000000e+00
4.991188725770442147e+01 -9.944365982619805436e+03 5.719618319804277462e+01 4.936744616294677002e+01 -9.941673455948428455e+03 -9.942043664430904755e+03 -9.941871280725492397e+03 -9.943552405806231036e+03 -9.944763332469890884e+03 -9.943936048223677062e+03 5.597201549349403393e+01
6.036950685953539164e+01 -9.936427006461059136e+03 6.658906417353932738e+01 5.449147302162892004e+01 -9.937298858612533877e+03 -9.939153363874214847e+03 -9.940488603456014971e+03 -9.941246100089276297e+03 -9.939756644416009294e+03 -9.943212492029018904e+03 6.037891153671262146e+01
6.272467647180243944e+01 -9.935711862290121644e+03 6.895445733543752453e+01 5.665253903737524155e+01 -9.935165767554673948e+03 -9.935213229567980306e+03 -9.936278238135450010e+03 -9.936243430216241904e+03 -9.934917891068391327e+03 -9.934958454917978088e+03 6.209405338042395073e+01
6.664477765227627515e+01 -9.931287129963326151e+03 7.130701832134175788e+01 6.306040092259219421e+01 -9.933333956868949826e+03 -9.933530327668844620e+03 -9.930863063236911330e+03 -9.932636917359521249e+03 -9.933309727615884185e+03 -9.933470701975555130e+03 6.426128173486374351e+01
5.643038984820616122e+01 -9.938309448853049616e+03 6.457631149873108711e+01 5.169626930413435417e+01 -9.938749473985359145e+03 -9.938682382984188735e+03 -9.939607771207487531e+03 -9.942090470443785307e+03 -9.938946576673422896e+03 -9.938759020054487337e+03 5.789955515094958116e+01
6.162970879911205202e+01 -9.934735783465292116e+03 6.887679473178465628e+01 5.813805934266807185e+01 -9.936316532401358927e+03 -9.937090701104503751e+03 -9.936578553535335232e+03 -9.933743617424959666e+03 -9.939003853004671328e+03 -9.935762053724782163e+03 6.353592070730638852e+01
6.621131442635604003e+01 -9.935431472068870789e+03 7.190525871691104953e+01 6.263596460922453701e+01 -9.933134022816302604e+03 -9.934998937089443643e+03 -9.933047180944708089e+03 -9.932342454999594338e+03 -9.932898039267442073e+03 -9.933093062553376512e+03 6.712877023327916959e+01
6.811674304227386756e+01 -9.930657087957353724e+03 7.284828848125201262e+01 6.223942358133214725e+01 -9.930856749287402636e+03 -9.930810216945541470e+03 -9.932120172947572428e+03 -9.930701186639384105e+03 -9.930580775612877915e+03 -9.932352468326505914e+03 6.904476743997661004e+01
6.053619270459481783e+01 -9.937801711087817239e+03 6.643975277633342102e+01 5.370069651888616136e+01 -9.938877949044570414e+03 -9.937804906336001295e+03 -9.939410447056307021e+03 -9.938714744765582509e+03 -9.938233048402242275e+03 -9.938770391296100570e+03 5.601988817272332710e+01
6.159766231742620590e+01 -9.939154661542535905e+03 6.946872776483957068e+01 5.662945113158168908e+01 -9.938526799715767993e+03 -9.938547689766463009e+03 -9.937631647523052379e+03 -9.939182172330007234e+03 -9.936061094077867892e+03 -9.935947869665709732e+03 6.249185441907310690e+01
6.590396110058995305e+01 -9.934140218637301587e+03 7.257549647931830350e+01 6.270320198267233991e+01 -9.933420709462545346e+03 -9.933768528659573349e+03 -9.932400789149200136e+03 -9.931107776776152605e+03 -9.934385540068902628e+03 -9.933964041307606749e+03 6.643801805719867559e+01
6.889885781670298570e+01 -9.931096555279869790e+03 7.339107541540644775e+01 6.506377165533697848e+01 -9.931179795374506284e+03 -9.930561714152547211e+03 -9.930717178445593163e+03 -9.931686246990326254e+03 -9.931212508888434968e+03 -9.930847852450147911e+03 6.884869822046732679e+01
6.080963408456755559e+01 -9.936696308084341581e+03 6.107992157581470849e+01 5.273782418309314579e+01 -9.936767424816473067e+03 -9.940370850892304588e+03 -9.940535621764978714e+03 -9.940956746419828050e+03 -9.937610335071723966e+03 -9.939669602293850403e+03 5.945550093206311004e+01
6.094175392987121143e+01 -9.936312236776935606e+03 6.758417355831650752e+01 5.895561812902829502e+01 -9.920261772935471527e+03 -9.937139563939683285e+03 -9.936925194917912449e+03 -9.937116007101834839e+03 -9.938371334017781919e+03 -9.934814923974749036e+03 6.284302618339771840e+01
6.065256500813876528e+01 -9.624402813167758723e+03 6.675154069158332959e+01 5.601612995621194102e+01 -9.898046520536636308e+03 -9.860556202329440566e+03 -9.858781672630764660e+03 -9.323795933499859530e+03 -9.782596709084125905e+03 -9.866167122584156459e+03 6.024221964499677284e+01
0.000000000000000000e+00 -7.465262439440173694e+03 3.561847371531167994e+01 3.657209055829321898e+01 0.000000000000000000e+00 0.000000000000000000e+00 -4.974926229592147138e+03 -4.988492900267959158e+03 0.000000000000000000e+00 0.000000000000000000e+00 1.726064959806134524e+01
5.558911218373332019e+01 -9.941056920875616925e+03 6.082866017861249475e+01 6.227673986192095157e+01 -9.941076590013493842e+03 -9.939966284569105483e+03 -9.941148256784716068e+03 -9.940329006166895851e+03 -9.940705780844942637e+03 -9.939507985326217749e+03 5.744465098053296970e+01
6.151789299987001414e+01 -9.942376211589606100e+03 6.726389223844326182e+01 6.447421431570307959e+01 -9.938075448949759448e+03 -9.938369270790624796e+03 -9.940614025903832953e+03 -9.940313900645724061e+03 -9.940921651734628540e+03 -9.940956513328292203e+03 5.974036891813183558e+01
6.606223144478728670e+01 -9.936033718393977324e+03 6.789724503592429983e+01 6.571339795053476962e+01 -9.936308745537822688e+03 -9.936882685992501138e+03 -9.936671293272469484e+03 -9.937207856326514957e+03 -9.936279477233583748e+03 -9.936990217491216754e+03 6.450381432655888148e+01
4.496017583328006140e+01 -7.460252593382221676e+03 4.796443420722993523e+01 5.984880737889184132e+01 -9.319806804981331879e+03 -8.696804281058404740e+03 -9.786603173819323274e+03 -4.977361553774389904e+03 0.000000000000000000e+00 -8.699735198871840112e+03 2.793734533231840445e+01
5.514822284157511945e+01 -9.941135463050952239e+03 6.143057126014232949e+01 6.020429338453165258e+01 -9.940751732861153869e+03 -9.941574782944448089e+03 -9.941018421541441057e+03 -9.940012404010711180e+03 -9.940897630136940279e+03 -9.940220198012655601e+03 5.730877084083051187e+01
6.272343643374001942e+01 -9.940337822578176201e+03 6.462926424470099107e+01 6.521557501329664319e+01 -9.938705293892240661e+03 -9.938592629360677165e+03 -9.940110915989083878e+03 -9.939367023352275282e+03 -9.938977377274091850e+03 -9.937042570016405080e+03 6.063535960773464240e+01
6.831332579872716337e+01 -9.932678241742196406e+03 7.128798535752994781e+01 6.853404271745384335e+01 -9.936358891937581575e+03 -9.933310497064991068e+03 -9.936573996457309477e+03 -9.937125707946490365e+03 -9.932340958349075663e+03 -9.934131664675482170e+03 6.601199985861207153e+01
6.593830082340591048e+01 -9.931541020504313565e+03 6.009952175230871774e+01 3.645674385646097448e+01 -9.860829214687109925e+03 -8.696947188349433418e+03 -9.627573769051638010e+03 -9.918321083893661125e+03 -9.314068538447867468e+03 -9.625381595029695745e+03 6.529012581580951746e+01
5.360038194583484028e+01 -9.939031769609537150e+03 6.434485178748693102e+01 6.501886090421771769e+01 -9.938085028434215928e+03 -9.937965928364057618e+03 -9.938736351665113034e+03 -9.939430841817302280e+03 -9.938143305894012883e+03 -9.938287096388958162e+03 5.847300437465693079e+01
6.253642390780861859e+01 -9.935930662574981397e+03 6.628106176512608272e+01 6.637855539838821528e+01 -9.936544758538115275e+03 -9.936930021992116963e+03 -9.937554239103003056e+03 -9.935906149112877756e+03 -9.939176208931901783e+03 -9.935678959215227223e+03 6.281859458259108919e+01
6.663620280199999968e+01 -9.934804412805540778e+03 7.271761237886477147e+01 6.792234482614638580e+01 -9.934910334602582225e+03 -9.932158819450189185e+03 -9.933855301042463907e+03 -9.932300801551646146e+03 -9.934016056319334893e+03 -9.932220324231206178e+03 6.561973740998988092e+01
6.618860264377053682e+01 -9.919732658914894273e+03 6.954648350877292273e+01 4.883749274303869470e+01 -9.785213037346475176e+03 -9.913775703428058478e+03 -9.861690356911494746e+03 -8.698871568902961371e+03 -9.894180200796910867e+03 -9.917581618679319945e+03 3.324554591478443655e+01
5.770923903182602999e+01 -9.938993185726110823e+03 6.380771672077010237e+01 6.102578061005607424e+01 -9.940929916064071222e+03 -9.938821691640539939e+03 -9.940140068838074512e+03 -9.939845040493180932e+03 -9.940326976053656836e+03 -9.940008483430889100e+03 5.742216868128641494e+01
5.989611318709489751e+01 -9.939094753131834295e+03 6.461606706181356685e+01 6.541518553281150616e+01 -9.931635565395778031e+03 -9.924663158408848176e+03 -9.939506032752258761e+03 -9.921094553926999652e+03 -9.939222242758969514e+03 -9.920693256277643741e+03 6.099133983302515105e+01
6.055466854906182306e+01 0.000000000000000000e+00 5.767263549647938703e+01 5.008620001843293323e+01 -9.632195311592082362e+03 -9.626668841961931321e+03 -9.629657650035955157e+03 0.000000000000000000e+00 -7.462235104008913368e+03 -8.704309469553338204e+03 4.314520134120654404e+01
0.000000000000000000e+00 0.000000000000000000e+00 0.000000000000000000e+00 4.941907791226137903e+01 -5.000000000000000000e+03 0.000000000000000000e+00 0.000000000000000000e+00 0.000000000000000000e+00 -7.466526332522495068e+03 -4.971236532439195798e+03 0.000000000000000000e+00
6.068158925016263083e+01 -9.938217648550944432e+03 5.885166738627113148e+01 6.530624720988811305e+01 -9.938374959124788802e+03 -9.940966466305913855e+03 -9.937859209126301721e+03 -9.939944458480302274e+03 -9.938286621526371164e+03 -9.939051576792211563e+03 5.799253667478306085e+01
6.590194671079332522e+01 -9.933930461508807639e+03 6.524971186195567441e+01 7.044177853114084087e+01 -9.934396846422523595e+03 -9.932006272438798987e+03 -9.938281373871395772e+03 -9.933959194379845940e+03 -9.932315820826106574e+03 -9.938036599226292310e+03 6.655645614703531976e+01
5.976255048143063675e+01 -9.778654572413175629e+03 6.669666130788378666e+01 6.826218335477449273e+01 -9.930593516557572002e+03 -9.858601541824460583e+03 -9.925776004976913100e+03 -9.932496410371260936e+03 -9.780513884147187127e+03 -9.925918178749780054e+03 6.493771876801014287e+01
0.000000000000000000e+00 0.000000000000000000e+00 0.000000000000000000e+00 2.410118518075843497e+01 0.000000000000000000e+00 0.000000000000000000e+00 0.000000000000000000e+00 -5.000000000000000000e+03 0.000000000000000000e+00 0.000000000000000000e+00 3.601440321888099305e+01
6.273734540108826252e+01 -9.936291219355920475e+03 5.957219992834600930e+01 6.837848339570149392e+01 -9.936030106005473499e+03 -9.935955297922577302e+03 -9.936064868673802266e+03 -9.935751145105834439e+03 -9.935982330509406893e+03 -9.936455348940384283e+03 5.942282644519259094e+01
6.648395023918013180e+01 -9.932523330578820605e+03 6.711766789640431341e+01 7.483432096315954141e+01 -9.932002674054818272e+03 -9.930146102474860527e+03 -9.930226049797209271e+03 -9.934662461955023900e+03 -9.933431741349395452e+03 -9.932500799256587925e+03 6.826399748426925385e+01
6.632102641830412892e+01 -9.919343501968647615e+03 6.893462471391475788e+01 7.586749282585459753e+01 -9.928974343286559815e+03 -9.929599231756135850e+03 -9.920914278903099330e+03 -9.929505097486477098e+03 -9.920963333079056611e+03 -9.929710863830383460e+03 6.993346377068851893e+01
5.753517118288128529e+01 -9.856654821163059751e+03 5.401650768157975335e+01 7.228634184686774233e+01 -9.782376190865965327e+03 -7.468205504555328844e+03 -9.625893046733965093e+03 -9.320851163192750391e+03 -8.709132044780953947e+03 -9.623442862136354961e+03 5.886931391084064558e+01
6.353678119918574652e+01 -9.935788703671885742e+03 6.071627900055540294e+01 6.958139900334140293e+01 -9.934691474621635280e+03 -9.935812097770705805e+03 -9.932563488547966699e+03 -9.934704235421355406e+03 -9.932220955489599874e+03 -9.935570858051411051e+03 6.384216580466559776e+01
6.690159795346593796e+01 -9.929596560500061969e+03 6.657955255452753818e+01 7.494583626786676689e+01 -9.929474372980803309e+03 -9.930264537154798745e+03 -9.932877960572886877e+03 -9.929689577216375255e+03 -9.931981142149665175e+03 -9.933762469918274292e+03 6.722870915104127221e+01
7.141934847133848052e+01 -9.929106904024782125e+03 7.137146478454934595e+01 7.454410704461375303e+01 -9.929493542643827823e+03 -9.929714240671721200e+03 -9.930230923342811366e+03 -9.929467016684338887e+03 -9.930085171330792946e+03 -9.929016870766670763e+03 6.985430013317468934e+01
5.556439720085711542e+01 -7.465918057535062871e+03 6.816538943477522139e+01 3.218366456211392546e+01 -9.326172964210603823e+03 -9.860935099362386609e+03 -8.693649409848711002e+03 -9.897106732675489184e+03 -9.864085722858399095e+03 -8.695350893805160013e+03 6.411802814909850667e+01
6.312944523315707102e+01 -9.934545373020737316e+03 6.385705210757087968e+01 6.934749978630686940e+01 -9.934111866413750249e+03 -9.934148907834507554e+03 -9.934207464264734881e+03 -9.933849162591299319e+03 -9.934503827959240880e+03 -9.934557703113941898e+03 6.293100558871230277e+01
6.504745179577321323e+01 -9.934192548113680459e+03 6.510028510638284160e+01 7.227624535702338449e+01 -9.932727210502886010e+03 -9.932635308434564649e+03 -9.932217619345370622e+03 -9.931862331322288810e+03 -9.934643309987284738e+03 -9.932512341509049293e+03 6.668160330237785161e+01
4.134091744182363470e+01 -9.895386804983794718e+03 5.323322496973605666e+01 7.201598331379615558e+01 -9.930779358603231231e+03 -9.912956762856038040e+03 -9.931401655434518034e+03 -9.935252734857795076e+03 -9.897771018660132540e+03 -9.627301028427660640e+03 6.215646797195569206e+01
0.000000000000000000e+00 -7.460793231122114776e+03 0.000000000000000000e+00 5.729519961388862015e+01 -7.456141045059492171e+03 -4.992295217721439258e+03 -4.966048564936952062e+03 -7.462774671800419128e+03 0.000000000000000000e+00 0.000000000000000000e+00 0.000000000000000000e+00
6.845675385991397377e+01 -9.929041011786674062e+03 5.867762106620592277e+01 7.475723040145950904e+01 -9.928924050064699259e+03 -9.928477963248169544e+03 -9.931887773458729498e+03 -9.930507606662537000e+03 -9.931440691285055436e+03 -9.930389551443044184e+03 6.945373016480176886e+01
7.180016025054159456e+01 -9.927730810570417816e+03 6.523663146428920356e+01 7.655931674909180629e+01 -9.929701681778939019e+03 -9.930039123376674979e+03 -9.929443096510900432e+03 -9.929560439361363024e+03 -9.932262559344399051e+03 -9.930213842018350988e+03 6.938158052667805009e+01
7.281776340503766676e+01 -9.927180724984085828e+03 6.971415538629014463e+01 7.782429751785889493e+01 -9.926379999079435947e+03 -9.926408692964019792e+03 -9.927245398159877368e+03 -9.926924640428638668e+03 -9.927728024237854697e+03 -9.926095362369316717e+03 7.119928945374400087e+01
7.043786305322910835e+01 -9.931157812710251164e+03 7.300877214765681344e+01 7.288618251313994278e+01 -9.928391935589423156e+03 -9.928842164746509297e+03 -9.930703086632220220e+03 -9.928049967937517067e+03 -9.927871045546658934e+03 -9.928307264316978035e+03 6.930451196127145863e+01
6.826846637411607333e+01 -9.929112613001572754e+03 6.141490326991196014e+01 7.479890969404701195e+01 -9.929575323522916733e+03 -9.929512345414765150e+03 -9.929000449088962341e+03 -9.928157526403581869e+03 -9.930015731911453258e+03 -9.928533719970730090e+03 7.061267851758915981e+01
7.388241884083842592e+01 -9.926645571683984599e+03 6.876322269636671081e+01 7.777405897947795665e+01 -9.926527982309336949e+03 -9.927246434216544003e+03 -9.925364913217945286e+03 -9.924934536944030697e+03 -9.928721912634711771e+03 -9.926837958272933975e+03 7.434256107178683237e+01
7.336835778369110983e+01 -9.924091879417483142e+03 7.107394718207274309e+01 8.067546464008398743e+01 -9.925624363351116699e+03 -9.924391062433962361e+03 -9.925867210184302166e+03 -9.923868546081957902e+03 -9.924610582522476761e+03 -9.925668492504391907e+03 7.459225122829491283e+01
7.286998368205799181e+01 -9.927689406338970002e+03 7.299943648539469621e+01 7.464872933309442260e+01 -9.929382639218070835e+03 -9.926397123313588963e+03 -9.925726169287350785e+03 -9.924703838967976480e+03 -9.924979979184230615e+03 -9.927892608438352909e+03 7.365175806482426424e+01
7.175677345529967965e+01 -9.925044499306723083e+03 6.241608318499963559e+01 7.909427568113190432e+01 -9.924925146035235230e+03 -9.925824758620568900e+03 -9.924605887076690124e+03 -9.924821644130728600e+03 -9.926558162578759948e+03 -9.926248351388061565e+03 7.123542531192077831e+01
7.445544533126306419e+01 -9.925299266114296188e+03 7.030466197795038852e+01 8.187149674371977426e+01 -9.927453106207878591e+03 -9.924929785211288618e+03 -9.923509096259613216e+03 -9.924068203854380045e+03 -9.923643381035893981e+03 -9.924929282340805003e+03 7.360952274084897340e+01
7.487923575364209228e+01 -9.923830834534810492e+03 7.057283017617868381e+01 7.596455042231252719e+01 -9.926261033830769520e+03 -9.923865612823796255e+03 -9.923231801466861725e+03 -9.924723398187567000e+03 -9.924259311868638179e+03 -9.924239918266050154e+03 7.676135700332530121e+01
7.334002614583059199e+01 -9.925548364785268859e+03 6.935430050291952853e+01 7.322246679414803339e+01 -9.926164744647334373e+03 -9.929178108333846467e+03 -9.927327108239078370e+03 -9.926827879683602077e+03 -9.925030796010929407e+03 -9.928454776255617617e+03 7.339661680697209079e+01
6.523610563438167276e+01 -9.930434317439590814e+03 6.345105075002786776e+01 7.442737041235909601e+01 -9.929696749281079974e+03 -9.926630758062410678e+03 -9.930321976644721872e+03 -9.930510588415039820e+03 -9.929470560899448174e+03 -9.929590516762433253e+03 6.759954298045599330e+01
3.253390530749969400e+01 0.000000000000000000e+00 0.000000000000000000e+00 3.584780623156328261e+01 0.000000000000000000e+00 -7.481546014028814170e+03 0.000000000000000000e+00 -9.322659377414431219e+03 -4.964158605971724683e+03 -4.983156112310674871e+03 0.000000000000000000e+00
0.000000000000000000e+00 0.000000000000000000e+00 2.351954657668812843e+01 0.000000000000000000e+00 -4.983523752852011057e+03 0.000000000000000000e+00 0.000000000000000000e+00 0.000000000000000000e+00 0.000000000000000000e+00 0.000000000000000000e+00 0.000000000000000000e+00
0.000000000000000000e+00 0.000000000000000000e+00 2.440612889764392790e+01 0.000000000000000000e+00 0.000000000000000000e+00 0.000000000000000000e+00 0.000000000000000000e+00 0.000000000000000000e+00 0.000000000000000000e+00 0.000000000000000000e+00 0.000000000000000000e+00
5.343447152265471800e+01 5.534922845003811176e+01 5.420462110894594332e+01 -9.946937037702238740e+03 -9.946686695556487393e+03 -9.946294983603111177e+03 -9.946244851529067091e+03 -9.946390087666895852e+03 -9.946327904826237500e+03 -9.946289867050501925e+03 4.946052588284846507e+01
6.049895703548471459e+01 6.125958002037774008e+01 5.937081552948883711e+01 -9.945630886129310966e+03 -9.943426359824703468e+03 -9.944990271305487113e+03 -9.943778393053402397e+03 -9.945035118414369208e+03 -9.945468470656856880e+03 -9.944758566561118641e+03 5.328438494410798398e+01
6.541763752867780113e+01 6.392671254313201246e+01 5.975846808303435864e+01 -9.939726652087789262e+03 -9.939494755708734374e+03 -9.939727550035921013e+03 -9.941402789108338766e+03 -9.940884693657815660e+03 -9.939039810369557017e+03 -9.939684864035607461e+03 6.074938835948806570e+01
6.607449984504137319e+01 6.289046576173387848e+01 6.546259796455851188e+01 -9.938190415101362305e+03 -9.937820569904841250e+03 -9.938200932431849651e+03 -9.937896570859948042e+03 -9.938217877286358998e+03 -9.938042888435520581e+03 -9.937705360570020275e+03 6.170861712301859825e+01
5.967622813992345243e+01 5.618636995693071157e+01 5.391471529970668541e+01 -9.945122493348242642e+03 -9.944707608669159526e+03 -9.946227746657554235e+03 -9.943687253972431790e+03 -9.945762861284118117e+03 -9.946301295841523824e+03 -9.945729447131800043e+03 5.387522328615612821e+01
6.180626077088116688e+01 6.461985751593655891e+01 5.928532387137681781e+01 -9.941155011226766874e+03 -9.939860013528106720e+03 -9.941193575022698496e+03 -9.944118177139480395e+03 -9.943513161930886781e+03 -9.941220157486915923e+03 -9.945238962237044689e+03 5.538052635485343700e+01
6.584187952537968158e+01 6.591664809172476680e+01 6.539716847881462058e+01 -9.938848686992296280e+03 -9.937162743562228570e+03 -9.936826373455693101e+03 -9.938191395616169757e+03 -9.937160574524339609e+03 -9.937733177264857659e+03 -9.938055319767463516e+03 6.163278084127182410e+01
6.785782989744939186e+01 6.807267425785769888e+01 6.830122222674515342e+01 -9.934793098195303173e+03 -9.936146015300841100e+03 -9.937105585691491797e+03 -9.934889943704780308e+03 -9.934241669350110897e+03 -9.934058090504620850e+03 -9.935099244997156347e+03 6.334881548472804980e+01
5.823953944058942511e+01 6.194639307048180399e+01 5.797579319108038476e+01 -9.943793340506501409e+03 -9.944108557808223850e+03 -9.944200440250999236e+03 -9.943123999770672526e+03 -9.944269859628755512e+03 -9.943359291683149422e+03 -9.942527272243343759e+03 5.517081163813340083e+01
6.316213139905890728e+01 5.997842975114659936e+01 6.054220513868006748e+01 -9.941948590806088760e+03 -9.942238482487515284e+03 -9.942180388241111359e+03 -9.939738204327526546e+03 -9.941270887075304927e+03 -9.942849963980288521e+03 -9.942419708131994412e+03 5.746112540300179461e+01
6.672660382533484835e+01 6.547334994789639495e+01 6.599210204496856136e+01 -9.936852393793011288e+03 -9.936957189996093803e+03 -9.936289590605176272e+03 -9.937925731551807985e+03 -9.936669768822124752e+03 -9.938749490523994609e+03 -9.937085570006471244e+03 6.195087699024637118e+01
6.858283336420819865e+01 6.897915926156957767e+01 6.854635794205060506e+01 -9.934716281644949049e+03 -9.936373309232883912e+03 -9.934579677410740260e+03 -9.935268271584820468e+03 -9.934608917903535257e+03 -9.935779749483022897e+03 -9.936257099508316969e+03 6.410840578710330817e+01
5.686491494538251601e+01 5.488869210031849377e+01 5.482014828244248861e+01 -9.943220612786722995e+03 -9.941884363268327434e+03 -9.942170425187519868e+03 -9.942236035201985942e+03 -9.945026460247594514e+03 -9.942250219142737478e+03 -9.943031048860488227e+03 5.356043645597965508e+01
6.145758771846440993e+01 6.063578369095525034e+01 6.046667929541715836e+01 -9.940426105716975144e+03 -9.941109973919596086e+03 -9.942299502781725096e+03 -9.941408582349940843e+03 -9.942679839521360918e+03 -9.943840633220130258e+03 -9.942419275700945946e+03 5.831098588277227179e+01
6.618831404032692944e+01 6.425242570947310128e+01 6.145007455480079273e+01 -9.939353218798432863e+03 -9.939857022519157908e+03 -9.940899483306657203e+03 -9.940065269350418021e+03 -9.940825072348121466e+03 -9.939771452983361087e+03 -9.940428877512546023e+03 6.079975151353240648e+01
6.453760197524182729e+01 6.056316568673494771e+01 4.580148713170696340e+01 -9.939620323590010230e+03 -9.941420340648539423e+03 -9.937480673229525564e+03 -9.939933703376769699e+03 -9.940849829099492126e+03 -9.940402204634177906e+03 -9.938859301211619822e+03 6.067516087044028694e+01
5.804918310601566134e+01 5.428710651249690500e+01 5.627750060394838982e+01 -9.937193267020997155e+03 6.721602797297899201e+01 -9.937249257150395351e+03 -9.936728155650263943e+03 -9.936298733415860625e+03 -9.936880218123853410e+03 -9.937319020306298626e+03 6.105616602648713354e+01
6.520214875484631989e+01 6.176700962303706888e+01 5.976713260105670145e+01 -9.934733346366967453e+03 6.612648352414672104e+01 -9.935317211368343123e+03 -9.935779986821529747e+03 -9.935436304885901336e+03 -9.936464073611172353e+03 -9.935672292570663558e+03 6.264275058305235433e+01
6.950425048852360987e+01 6.239063650325586252e+01 6.310375724050533819e+01 -9.931761951297590713e+03 7.258293312127861441e+01 -9.932357169135742879e+03 -9.933525535781409417e+03 -9.933407241942732071e+03 -9.933863513869742746e+03 -9.934146759853801996e+03 6.549429225092308116e+01
6.602990616752242659e+01 6.134671171060860928e+01 6.229327319356063697e+01 -9.934944700124371593e+03 -1.157381903992300522e+03 -9.934570459593645865e+03 -9.934180288887255301e+03 -9.931492802679036686e+03 -9.932791572451198590e+03 -9.932410658499713463e+03 6.520095166566318312e+01
6.136064957551033672e+01 5.444451800560001686e+01 5.477723730773541178e+01 -9.936788405666182371e+03 6.901320656386090491e+01 -9.937410276828915812e+03 -9.936162095559360750e+03 -9.935164921768089698e+03 -9.936541480326377496e+03 -9.936125306381902192e+03 6.235058494836535203e+01
6.918507474218210973e+01 6.153044684478354043e+01 6.168797635510386357e+01 -9.936344542375387391e+03 7.139693194503045959e+01 -9.932681777487669024e+03 -9.933560509303384606e+03 -9.933925864936580183e+03 -9.934583924197664601e+03 -9.932714682363495740e+03 6.534689350641512817e+01
7.120652683955893281e+01 6.451526863083029184e+01 6.667078363042058697e+01 -9.931278971730633202e+03 7.329475699004852629e+01 -9.932268574422159872e+03 -9.931407043644179794e+03 -9.930510701088693168e+03 -9.930689304490948416e+03 -9.931096640686984756e+03 6.760832462207790172e+01
7.214035317381643608e+01 6.577671764522634135e+01 6.733490205284508079e+01 -9.930558052381657035e+03 -7.667833309923115849e+03 -9.929292041926493766e+03 -9.930610635578719666e+03 -9.931567093987443513e+03 -9.928980446534562361e+03 -9.929126416489645635e+03 6.923841254451134830e+01
5.791814542095329443e+01 6.153568649158973614e+01 5.831713751629084186e+01 -9.935465897467234754e+03 6.995407640078366285e+01 -9.934638142084166248e+03 -9.934665629331582750e+03 -9.934070258196261420e+03 -9.934349420100137650e+03 -9.936337491492224217e+03 6.402439158490724935e+01
6.314518172168298804e+01 6.211940918662151034e+01 6.645203188973357555e+01 -9.935059166283859668e+03 7.097935980486866470e+01 -9.934362073856709685e+03 -9.932928937278727972e+03 -9.932283485143008875e+03 -9.932692165701697377e+03 -9.932026269446723745e+03 6.772029352701548532e+01
6.886059556543497706e+01 6.455713522890934541e+01 6.558975467673295157e+01 -9.931331698607809813e+03 7.519289315736290291e+01 -9.929864693001451087e+03 -9.929222927794105999e+03 -9.930273311945955356e+03 -9.930946771088281821e+03 -9.931757744690512482e+03 6.991551952327414199e+01
6.849709853203401622e+01 6.360276253001535451e+01 6.704473724243219124e+01 -9.933752451575601299e+03 -8.446043058177277999e+03 -9.930087188149991562e+03 -9.933298694843091653e+03 -9.932272724594204192e+03 -9.932139950200300518e+03 -9.930541808475427388e+03 6.902326923396165625e+01
5.644076192613701437e+01 5.702415231989064637e+01 6.040387015101300960e+01 -9.936571094878228905e+03 6.509241890932734975e+01 -9.937161520330531857e+03 -9.935958511939814343e+03 -9.935578667580921319e+03 -9.935674867137826368e+03 -9.936400853950912278e+03 6.220353149628635236e+01
5.998419537248162214e+01 6.089743073078098234e+01 6.326671648081579491e+01 -9.933663897757936866e+03 7.109745466168415362e+01 -9.933310224284126889e+03 -9.933919290689478657e+03 -9.935816145383449111e+03 -9.935536090441526540e+03 -9.935720322626584675e+03 6.580975256064519385e+01
6.361571920500635002e+01 6.295724787388678578e+01 6.121882623136278312e+01 -9.932827637762991799e+03 7.022178081870737287e+01 -9.932812721446025535e+03 -9.932898362903213638e+03 -9.933621621249219970e+03 -9.933287836222130863e+03 -9.933434632977290676e+03 6.753036420171699206e+01
6.258629078121088440e+01 1.570069120404872542e+01 4.525409176563431402e+01 -9.784051132002565282e+03 -4.943402424283538494e+03 -9.323460390203263159e+03 -9.937237304581494755e+03 -9.628262486156534578e+03 -9.626205726806681923e+03 -9.630448103445754896e+03 5.727635078407070068e+01
6.681499259160855786e+01 5.840807236591685125e+01 6.030887270085339935e+01 -9.930510111712179423e+03 7.478498337367389581e+01 6.767245284563429664e+01 -9.931105141151776479e+03 -9.931227597862613038e+03 -9.930123397121860762e+03 -9.930950609756229824e+03 6.780210106544160453e+01
7.187227268990113771e+01 6.593476439147542578e+01 6.331254095706552221e+01 -9.927779585157968540e+03 7.861584472231228915e+01 7.107282299792245794e+01 -9.928802139992214506e+03 -9.928785163061766070e+03 -9.928117598808174080e+03 -9.928136752292211895e+03 7.056251939071049151e+01
7.471000789152161303e+01 6.183631253586068510e+01 6.533619786141854036e+01 -9.924912841234276129e+03 7.424321868727143681e+01 -6.824741026475920080e+03 -9.927322001389557045e+03 -9.926392821063604060e+03 -9.927610780283339409e+03 -9.925447437405589881e+03 7.181986613766983396e+01
6.871880074445309106e+01 5.633317590190603141e+01 5.764276619073145014e+01 -9.929344044588502584e+03 -1.067720419100533263e+03 -9.859863844039571632e+03 -9.932909065950727381e+03 -9.929058889748850561e+03 -9.925046583389952502e+03 -9.892990953542557691e+03 7.049464008712021723e+01
6.828569061671473150e+01 6.110666388309918773e+01 6.311117356872659911e+01 -9.928850803061284751e+03 7.191845426479859782e+01 7.089719751486029509e+01 -9.929302667324605864e+03 -9.929320862468506675e+03 -9.928682593711248046e+03 -9.928529508271385566e+03 6.739343497103902791e+01
7.004995313379723143e+01 6.710059498787778409e+01 6.965607015608526353e+01 -9.926145831272951909e+03 7.900500127404461637e+01 7.458425704995428873e+01 -9.925895081600323465e+03 -9.929087847155646159e+03 -9.925611214744807512e+03 -9.925174169698871992e+03 7.070837527072237094e+01
7.523688321021222691e+01 7.140686911137379411e+01 7.162533286193172444e+01 -9.924510460721496202e+03 8.039896829505849496e+01 -6.097278219465144502e+03 -9.924254272342965123e+03 -9.924305131233370048e+03 -9.927378134714992484e+03 -9.925041746727374630e+03 7.599216169021588030e+01
7.342933386159617726e+01 7.033600711973659259e+01 6.986138508008592396e+01 -9.927349232454318553e+03 -4.323981786225584983e+03 -9.929097666420319001e+03 -9.925143318514361454e+03 -9.928169415961239793e+03 -9.931908768241708458e+03 -9.928946279238600255e+03 7.000689400804336060e+01
6.266290349278001770e+01 6.187835494742013509e+01 6.107132648092080984e+01 -9.927958630580018507e+03 7.729589047058203732e+01 7.039794444303714727e+01 -9.927794944831239263e+03 -9.928533740640075848e+03 -9.927746612011182151e+03 -9.927107021834090119e+03 7.203662832722238818e+01
6.733314220617282331e+01 6.679379731550336885e+01 6.759227812916424227e+01 -9.927862833328286797e+03 7.958246299651659683e+01 7.521530376170025534e+01 -9.925551474595173204e+03 -9.925645037791458890e+03 -9.926012492118064984e+03 -9.925245390929128916e+03 7.352719997231123727e+01
7.139321071444979339e+01 7.095621926090599629e+01 7.143312137798842798e+01 -9.923463730398470943e+03 7.851649516670786966e+01 -3.099864331292455972e+03 -9.923755743327959863e+03 -9.923007112356805010e+03 -9.923161489936683211e+03 -9.925072568724739540e+03 7.666220313621076343e+01
7.160767588265426298e+01 6.904659393081038843e+01 6.954121636065551115e+01 -9.925555222532635526e+03 -3.816764830890154371e+03 -9.929065978684822767e+03 -9.927002638235529957e+03 -9.924736537382679671e+03 -9.926998318741021649e+03 -9.926368648298428525e+03 6.943926862772926256e+01
6.175926894790373467e+01 6.273541732003720028e+01 6.070554681983927026e+01 -9.929280053976910494e+03 7.719407606816736234e+01 6.927721572271018147e+01 -9.928134383952981807e+03 -9.930312406796230789e+03 -9.929479015615537719e+03 -9.930425083326494132e+03 6.684007712736058693e+01
6.691035039631219661e+01 6.511571291158369945e+01 6.740667895260489217e+01 -9.929314616540921634e+03 7.595303279607574609e+01 6.931310256434142048e+01 -9.928019191695333575e+03 -9.925489336745315086e+03 -9.929121974031048012e+03 -9.927174834239966003e+03 7.338479628507120367e+01
6.744564903959968660e+01 6.852210294413961833e+01 6.778700148898991529e+01 -9.927665275698480400e+03 7.443449849607446822e+01 -6.668005802459967526e+03 -9.929008382225358218e+03 -9.927928046017164888e+03 -9.928779201075345554e+03 -9.928392070197627618e+03 7.255138786823425789e+01
6.545199140292295681e+01 5.056011887638005931e+01 6.272682903327167736e+01 -9.779534640326590306e+03 -4.311955089417021554e+03 -8.693427991374992416e+03 -9.923607060241278305e+03 -9.862290280522900503e+03 -9.312610356347031484e+03 -9.856058308159743319e+03 4.864939962929807393e+01
6.697603429482634851e+01 6.757183207893974952e+01 6.574308697850294436e+01 -9.923848128659014037e+03 8.376328922790969500e+01 7.624384364287330129e+01 6.986602866660834366e+01 -9.925531996836329199e+03 -9.923871299243874091e+03 -9.922346096352597669e+03 7.126972310910358033e+01
7.029153307054374977e+01 7.060712078826313132e+01 7.142945907588666898e+01 -9.922417687762192145e+03 8.141059190067200291e+01 7.449825186514745212e+01 -5.370725623924039610e+03 -9.922786861788325041e+03 -9.923838973712301595e+03 -9.921987069146027352e+03 7.651103550743843584e+01
7.467022245619941145e+01 7.222729366020860198e+01 6.912588585135215169e+01 -9.921663483443517180e+03 8.288531371323804819e+01 -1.396443806055253617e+03 -9.921346090359753362e+03 -9.922431193220079876e+03 -9.921907442533582071e+03 -9.921716233348292008e+03 7.796666031689127863e+01
7.658619908415926147e+01 6.771902304097483238e+01 6.884096248422581255e+01 -9.887999961121655360e+03 -8.041550453503165045e+03 -9.907609750022387743e+03 -9.916844470720992831e+03 -9.921882568420080133e+03 -9.918249348020906837e+03 -9.926504205179080600e+03 7.115975641136250829e+01
6.656845907168968779e+01 6.904196798854320605e+01 6.763787451261660522e+01 -9.921966728335157313e+03 8.441824133664715646e+01 7.529715594281580593e+01 7.168354004420636727e+01 -9.922254126367461140e+03 -9.921364335317168297e+03 -9.921702142709356849e+03 7.743050579563231395e+01
7.472119095458577931e+01 7.161890190854418847e+01 7.122112141804242924e+01 -9.922529513472691178e+03 8.625916766194130503e+01 7.821196677807326125e+01 -5.077912197942499915e+03 -9.921976147525381748e+03 -9.921062364259538299e+03 -9.922443979972253146e+03 7.957646096506547906e+01
7.695239406366064827e+01 7.499314201425730175e+01 7.377433451687218735e+01 -9.920477644322743799e+03 8.180882304078323841e+01 -7.135162004284944487e+03 -9.924323639429008836e+03 -9.922607071258311407e+03 -9.918769692006982950e+03 -9.919884102356925723e+03 7.694273330430800684e+01
7.743572852460084732e+01 7.117070669706357933e+01 7.358724959928025555e+01 -9.925372286299745610e+03 -8.745222272499038809e+03 -9.922655143931986458e+03 -9.923765122133092518e+03 -9.925738123229126359e+03 -9.926139169071642755e+03 -9.926411698280291603e+03 7.365237157293276482e+01
7.050863560284122400e+01 7.232074573203512102e+01 6.929013512499956562e+01 -9.920286728143091750e+03 8.198555651911357245e+01 7.814873463608347492e+01 7.521738073586996620e+01 -9.920712232802201470e+03 -9.921764337112508656e+03 -9.921065539213175725e+03 7.881377500951637671e+01
7.166735185770554040e+01 7.522147721655980490e+01 7.392103481176961566e+01 -9.920287064509453558e+03 8.671649566680690668e+01 8.053166678830478986e+01 -4.208771941380395219e+03 -9.921380783698430605e+03 -9.919734300940468529e+03 -9.919604948988620890e+03 8.205573527328114380e+01
7.458722950577632105e+01 7.407079457213319529e+01 7.540029198967204138e+01 -9.920500785665415606e+03 7.834659043419267732e+01 -7.209190834946372888e+03 -9.917884287652079365e+03 -9.923976996906945715e+03 -9.918830124103658818e+03 -9.919119307212075000e+03 7.930810807502859916e+01
7.464383815699193292e+01 7.091016779656037272e+01 7.373689681029846099e+01 -9.924979634071758483e+03 -9.436374353763983891e+03 -9.922225965411778816e+03 -9.924973344027150233e+03 -9.927016247170759016e+03 -9.924093597340641281e+03 -9.927913332657750288e+03 7.504804232759370564e+01
6.946902843407622186e+01 7.011085446259085074e+01 6.795595636301071352e+01 -9.923392498328843430e+03 7.816053194610037735e+01 7.123827239625828156e+01 6.457746977647323661e+01 -9.924058589311232936e+03 -9.922706333649104636e+03 -9.922499164494445722e+03 7.317155525317164688e+01
3.219363991816214821e+01 0.000000000000000000e+00 0.000000000000000000e+00 0.000000000000000000e+00 0.000000000000000000e+00 0.000000000000000000e+00 5.007100800809722330e+01 0.000000000000000000e+00 0.000000000000000000e+00 0.000000000000000000e+00 3.824715397376250792e+01
0.000000000000000000e+00 0.000000000000000000e+00 0.000000000000000000e+00 0.000000000000000000e+00 0.000000000000000000e+00 0.000000000000000000e+00 0.000000000000000000e+00 0.000000000000000000e+00 0.000000000000000000e+00 0.000000000000000000e+00 0.000000000000000000e+00
0.000000000000000000e+00 0.000000000000000000e+00 0.000000000000000000e+00 0.000000000000000000e+00 0.000000000000000000e+00 0.000000000000000000e+00 0.000000000000000000e+00 0.000000000000000000e+00 0.000000000000000000e+00 0.000000000000000000e+00 0.000000000000000000e+00
